0	1.99459
1	1.02635
2	1.02474
3	0.867216
4	0.589771
5	0.555666
6	0.728028
7	2.49726
8	2.49726
9	1.77355
10	2.10183
11	1.8198
12	1.46749
13	1.24331
14	1.24165
15	1.18563
16	1.17546
17	1.93923
18	1.95323
19	1.81777
20	1.88272
21	1.82069
22	1.82065
23	1.82083
24	2.12108
25	2.11808
26	2.11407
27	2.11384
28	1.8753
29	1.55778
30	1.51033
31	1.49764
32	1.44373
33	1.51277
34	1.51281
35	1.48213
36	1.66767
37	1.60566
38	5.20027
39	5.19997
40	4.4858
41	4.17736
42	4.8069
43	4.80011
44	4.8001
45	4.34011
46	4.34007
47	4.32043
48	4.2908
49	3.90413
50	3.90177
51	3.71584
52	3.99869
53	3.9885
54	3.90245
55	3.8889
56	3.85632
57	3.30798
58	3.0265
59	3.02617
60	3.0247
61	2.95892
62	2.9587
63	2.95818
64	2.95779
65	2.91604
66	2.88987
67	2.67406
68	2.59758
69	2.5114
70	2.51134
71	2.46054
72	2.4565
73	2.39333
74	1.78575
75	1.62606
76	1.62538
77	1.59356
78	1.59019
79	1.51422
80	1.47569
81	1.4755
82	1.57489
83	1.49901
84	1.49722
85	1.43725
86	1.39814
87	1.39672
88	1.39319
89	1.39243
90	1.38641
91	1.34128
92	1.20504
93	1.19179
94	1.17158
95	1.17144
96	1.16531
97	1.10285
98	1.11173
99	1.0027
100	0.985774
101	0.984901
102	0.978538
103	0.961222
104	0.922543
105	0.904758
106	0.902728
107	0.908723
108	0.885389
109	0.884838
110	0.882333
111	0.867646
112	0.849474
113	0.840148
114	0.837008
115	0.826167
116	0.823208
117	0.836817
118	0.836761
119	0.834028
120	0.83011
121	0.824205
122	0.820123
123	0.80851
124	0.798347
125	0.91139
126	0.832168
127	0.671896
128	0.66362
129	0.663056
130	0.662941
131	0.534515
132	0.522679
133	0.514088
134	0.508953
135	0.507692
136	0.496137
137	0.493701
138	0.493484
139	0.48622
140	0.464257
141	0.463004
142	0.461503
143	0.449141
144	0.446455
145	0.438228
146	0.436843
147	0.436168
148	0.403835
149	0.403665
150	0.393355
151	0.393555
152	0.391973
153	0.396886
154	0.39687
155	0.349614
156	0.348166
157	0.34801
158	0.329554
159	0.323551
160	0.321414
161	0.318044
162	0.318043
163	0.263586
164	0.263468
165	0.249094
166	0.211112
167	0.211008
168	0.209003
169	0.206056
170	0.206248
171	0.205847
172	0.202676
173	0.200837
174	0.197028
175	0.183141
176	0.182816
177	0.183344
178	0.183329
179	0.181366
180	0.181039
181	0.182625
182	0.182253
183	0.178948
184	0.17413
185	0.172802
186	0.160139
187	0.165064
188	0.166396
189	0.161085
190	0.15141
191	0.151149
192	0.148658
193	0.148454
194	0.147967
195	0.14426
196	0.141053
197	0.140595
198	0.139642
199	0.137
200	0.192891
201	0.140268
202	0.1185
203	0.117459
204	0.109162
205	0.102165
206	0.0957839
207	0.0936881
208	0.0932195
209	0.0918517
210	0.0895623
211	0.0894707
212	0.149457
213	0.149434
214	0.148875
215	0.138684
216	0.136318
217	0.105326
218	0.104802
219	0.0988683
220	0.096029
221	0.0956711
222	0.0942851
223	0.0938728
224	0.0937858
225	0.080849
226	0.0807243
227	0.0754914
228	0.0639264
229	0.0550266
230	0.0547586
231	0.0547307
232	0.0537746
233	0.0585119
234	0.0558601
235	0.0447474
236	0.0447198
237	0.0445743
238	0.042845
239	0.0428389
240	0.0428308
241	0.0426909
242	0.0406162
243	0.23551
244	0.235459
245	0.234802
246	0.228854
247	0.226454
248	0.146609
249	0.146609
250	0.142183
251	0.134922
252	0.132452
253	0.132452
254	0.132446
255	0.115682
256	0.114252
257	0.114318
258	0.112535
259	0.10765
260	0.147837
261	0.133448
262	0.132475
263	0.132454
264	0.13234
265	0.154916
266	0.154844
267	0.116652
268	0.10659
269	0.106484
270	0.104959
271	0.0770104
272	0.0742798
273	0.0655673
274	0.0658569
275	0.060402
276	0.618462
277	0.617519
278	0.567988
279	0.534127
280	0.528152
281	0.512963
282	0.503917
283	0.493044
284	0.462325
285	0.275076
286	0.271605
287	0.257251
288	0.257006
289	0.878307
290	0.877408
291	0.769391
292	0.769387
293	0.767336
294	0.313082
295	0.312881
296	0.30761
297	0.286975
298	0.286902
299	0.476443
300	0.491543
301	0.472048
302	0.471705
303	0.341856
304	0.324199
305	0.324132
306	0.204804
307	0.195073
308	0.276731
309	0.213062
310	0.192907
311	0.202908
312	0.20144
313	0.20144
314	0.181023
315	0.179101
316	0.178928
317	0.173999
318	0.16796
319	0.167893
320	0.162405
321	0.162256
322	0.132974
323	0.253667
324	0.25366
325	0.239295
326	0.232436
327	0.264719
328	0.25413
329	0.252142
330	0.246229
331	0.430185
332	0.428101
333	0.423545
334	0.413784
335	0.345457
336	0.395177
337	0.388219
338	0.386987
339	0.386869
340	0.385709
341	0.376771
342	0.376768
343	0.363038
344	0.366651
345	0.366545
346	0.327005
347	0.277392
348	0.27627
349	0.27375
350	0.27289
351	0.272074
352	0.258383
353	0.257358
354	0.25549
355	0.262243
356	0.261325
357	0.260066
358	0.279742
359	0.279638
360	0.279174
361	0.312885
362	0.313987
363	0.307676
364	0.305834
365	0.294877
366	0.292971
367	0.425567
368	0.391698
369	0.494629
370	0.494616
371	0.455637
372	0.505227
373	0.505224
374	0.50496
375	0.493656
376	0.4158
377	0.367086
378	0.261805
379	0.259265
380	0.258761
381	0.327679
382	0.25179
383	0.251526
384	0.272953
385	0.272205
386	0.271095
387	0.256672
388	0.242187
389	0.204766
390	0.204766
391	0.203431
392	0.197583
393	0.195212
394	0.207946
395	0.178414
396	0.177866
397	0.170677
398	0.188938
399	0.186841
400	0.186836
401	0.356092
402	0.274407
403	0.27434
404	0.273006
405	0.315862
406	0.296943
407	0.276764
408	0.32085
409	0.319041
410	0.271463
411	0.250806
412	0.250697
413	0.207965
414	0.175303
415	0.174631
416	0.174487
417	0.167053
418	0.16701
419	0.157542
420	0.14112
421	0.126298
422	0.123924
423	0.508227
424	0.390855
425	0.385054
426	0.385054
427	0.297071
428	0.48164
429	0.478283
430	0.477932
431	0.461275
432	0.263758
433	0.261709
434	0.259501
435	0.489389
436	0.48932
437	0.478679
438	0.471689
439	0.465604
440	0.475334
441	0.997981
442	0.755606
443	0.746219
444	0.744288
445	0.726858
446	1.19526
447	1.19484
448	1.13835
449	1.14643
450	1.47014
451	1.46869
452	1.46863
453	1.46752
454	1.46119
455	1.07105
456	1.06039
457	1.04865
458	1.02728
459	0.991631
460	0.990675
461	0.830623
462	0.828923
463	0.702676
464	0.702626
465	0.680123
466	0.678352
467	0.678352
468	0.706378
469	0.700549
470	0.697735
471	0.696582
472	0.695383
473	0.551169
474	0.598872
475	0.580882
476	0.568902
477	0.555679
478	0.55024
479	0.546757
480	0.465564
481	0.464101
482	0.456907
483	0.407824
484	0.406345
485	0.40634
486	0.406332
487	0.404733
488	0.391035
489	0.396915
490	0.390371
491	0.387225
492	0.378182
493	0.359853
494	0.354761
495	0.342247
496	0.345797
497	0.345049
498	0.336103
499	0.353428
500	0.351053
501	0.308627
502	0.312179
503	0.296154
504	0.296153
505	0.292723
506	0.277594
507	0.235619
508	0.240236
509	0.231918
510	0.231905
511	0.231814
512	0.231671
513	0.209753
514	0.213235
515	0.235077
516	0.229467
517	0.223429
518	0.222984
519	0.220586
520	0.21018
521	0.206897
522	0.206849
523	0.204862
524	0.174464
525	0.174406
526	0.139973
527	0.135964
528	0.148817
529	0.148585
530	2.41184
531	1.33244
532	1.27512
533	1.27459
534	1.27446
535	1.10728
536	2.86576
537	5.74596
538	5.72036
539	5.56086
540	5.53639
541	5.53609
542	4.57552
543	5.02405
544	4.33446
545	3.37427
546	3.37149
547	3.37147
548	3.2925
549	3.36134
550	3.53363
551	3.34824
552	3.46057
553	3.45626
554	3.34828
555	3.33033
556	3.02709
557	2.84475
558	2.82045
559	2.78249
560	2.87983
561	2.83852
562	3.3064
563	8.60321
564	8.44854
565	8.43082
566	8.42894
567	8.41771
568	8.4154
569	8.25318
570	7.54562
571	7.96915
572	7.91836
573	7.83966
574	7.83965
575	7.92015
576	7.87329
577	7.77286
578	7.77224
579	7.2799
580	7.27898
581	7.27777
582	7.26663
583	7.25435
584	7.17072
585	7.16848
586	6.62837
587	6.00902
588	5.91461
589	5.907
590	5.96844
591	5.95863
592	5.89538
593	5.88971
594	5.78639
595	7.5702
596	7.51751
597	7.50718
598	7.43801
599	7.4317
600	5.44106
601	5.42935
602	5.16476
603	5.14832
604	5.14817
605	4.99919
606	4.9882
607	4.763
608	4.74556
609	4.54176
610	4.73824
611	4.73823
612	6.21879
613	6.21513
614	6.21255
615	6.14795
616	6.14254
617	5.27936
618	5.21219
619	5.21198
620	5.07648
621	5.07212
622	5.07211
623	5.04868
624	5.02553
625	5.02143
626	4.91792
627	4.81174
628	4.80188
629	4.7159
630	4.71566
631	4.60214
632	4.60212
633	4.4018
634	4.41051
635	4.40843
636	4.40335
637	4.3451
638	4.34045
639	4.33904
640	4.25103
641	4.19318
642	4.92212
643	4.92036
644	4.73974
645	4.90829
646	4.78726
647	4.73795
648	6.27906
649	6.17549
650	6.173
651	6.1472
652	6.02545
653	5.90395
654	5.79229
655	5.78304
656	5.77324
657	5.77298
658	5.70045
659	5.69518
660	5.52312
661	5.52144
662	5.49671
663	5.49113
664	5.48988
665	5.48808
666	5.45231
667	5.44081
668	5.39945
669	5.32571
670	5.10858
671	5.10051
672	5.24844
673	5.22067
674	4.90184
675	4.88884
676	4.88508
677	5.43871
678	5.23091
679	5.2243
680	4.95069
681	4.94771
682	4.88896
683	4.77235
684	4.7722
685	4.77137
686	4.70068
687	4.6447
688	4.49755
689	4.40239
690	4.28496
691	4.27248
692	4.22871
693	4.20818
694	4.16806
695	4.13003
696	4.10548
697	4.10545
698	4.09611
699	4.04975
700	4.02602
701	3.8923
702	3.6027
703	3.58527
704	3.54011
705	3.53869
706	3.44845
707	3.3535
708	3.32709
709	3.28002
710	3.27145
711	3.25657
712	3.24597
713	3.19724
714	3.19946
715	3.1172
716	3.11928
717	3.14257
718	3.09462
719	3.06139
720	3.06136
721	3.05683
722	3.05635
723	3.05503
724	3.05005
725	3.04981
726	3.0476
727	2.99499
728	2.94826
729	2.63667
730	2.63621
731	2.61329
732	2.62069
733	2.54233
734	2.53168
735	2.47163
736	2.40859
737	2.40089
738	2.39245
739	2.30313
740	2.17689
741	2.17561
742	2.10848
743	2.10966
744	2.09786
745	2.03954
746	2.03822
747	2.03817
748	2.01207
749	2.00575
750	2.0089
751	1.94224
752	1.94063
753	1.93964
754	1.93828
755	1.93692
756	1.93488
757	1.89032
758	1.88405
759	1.87881
760	1.81057
761	1.81052
762	1.79915
763	1.78067
764	1.75881
765	1.75802
766	1.69093
767	1.69039
768	1.69008
769	1.68485
770	1.67578
771	1.67552
772	1.67071
773	1.7379
774	1.73543
775	1.68772
776	1.68762
777	1.65823
778	1.65321
779	1.61917
780	1.61912
781	1.61857
782	1.6078
783	1.5991
784	1.35359
785	1.27426
786	1.20415
787	1.21369
788	1.20376
789	1.20213
790	1.19714
791	1.19708
792	1.18514
793	1.18958
794	1.21552
795	1.21151
796	1.21141
797	1.20888
798	1.20839
799	1.20817
800	1.20158
801	1.19193
802	1.19177
803	1.18156
804	1.17709
805	1.14583
806	1.13584
807	0.946813
808	0.999923
809	0.991755
810	0.99123
811	0.967463
812	0.948672
813	0.947748
814	0.964945
815	0.964207
816	0.947189
817	0.947134
818	0.919464
819	0.857521
820	0.858409
821	1.02034
822	1.56571
823	1.56436
824	1.5328
825	1.53191
826	1.53089
827	1.39945
828	1.37096
829	1.36641
830	1.36372
831	1.35572
832	1.35374
833	1.3404
834	1.34036
835	1.32187
836	1.32039
837	1.24394
838	1.24393
839	1.03488
840	1.08204
841	1.05766
842	1.03688
843	1.03661
844	1.03473
845	1.02409
846	1.01913
847	0.955295
848	0.898088
849	0.877655
850	0.856591
851	0.856575
852	0.853643
853	0.916873
854	0.90147
855	1.03487
856	1.00974
857	1.00974
858	1.00486
859	1.00434
860	1.01744
861	0.982751
862	0.979326
863	0.977725
864	0.974879
865	0.97049
866	0.952531
867	0.951621
868	0.932227
869	0.909118
870	0.905454
871	0.897492
872	0.867503
873	0.864742
874	0.86438
875	0.860749
876	0.842419
877	0.84229
878	0.834966
879	0.82963
880	0.829148
881	0.783283
882	0.754609
883	0.7546
884	0.74609
885	0.73642
886	0.70855
887	0.703256
888	1.12531
889	1.31797
890	1.31707
891	1.26991
892	1.26471
893	1.26311
894	1.14745
895	1.12359
896	1.0476
897	1.00321
898	0.988332
899	0.927472
900	0.927411
901	0.865797
902	0.848559
903	0.847131
904	0.843847
905	0.833155
906	0.833095
907	0.832695
908	1.13173
909	1.1315
910	1.11452
911	1.11446
912	1.11052
913	1.00153
914	0.983088
915	0.977505
916	0.933143
917	0.932179
918	0.869714
919	0.86363
920	0.844794
921	0.817503
922	0.56151
923	0.749567
924	0.725658
925	0.722816
926	0.722767
927	0.671834
928	0.67038
929	0.667285
930	0.667246
931	0.66654
932	0.662719
933	0.644954
934	0.683509
935	0.681564
936	0.683857
937	0.683616
938	0.682996
939	0.741071
940	0.740037
941	0.739742
942	0.73717
943	0.550547
944	0.464742
945	0.455436
946	0.451459
947	0.428959
948	0.426181
949	0.426065
950	0.424408
951	0.394606
952	0.353337
953	0.347164
954	0.315566
955	0.307711
956	0.307657
957	0.30816
958	0.302292
959	0.291909
960	0.308221
961	0.30812
962	0.298382
963	0.296229
964	0.293223
965	0.287311
966	0.289769
967	0.289631
968	0.284956
969	0.276816
970	0.250756
971	0.250678
972	0.2506
973	0.250537
974	0.247731
975	0.209322
976	0.208795
977	0.207477
978	0.204496
979	0.203642
980	0.199108
981	0.197261
982	0.191734
983	0.19019
984	0.19208
985	0.192001
986	0.267294
987	0.266352
988	0.372836
989	0.372794
990	0.346604
991	0.328158
992	0.326123
993	0.300003
994	0.280108
995	0.258199
996	0.258096
997	0.365737
998	0.35331
999	0.35325
1000	0.395145
