0	1.99459
1	6.3326
2	6.31714
3	6.30651
4	5.6056
5	4.64932
6	21.4796
7	39.8296
8	39.8296
9	33.1004
10	28.7627
11	28.5553
12	28.5539
13	36.3289
14	36.2911
15	36.4753
16	36.36
17	85.1619
18	99.1779
19	79.1459
20	104.745
21	104.53
22	95.7281
23	92.8768
24	68.1178
25	68.1097
26	68.1078
27	68.0838
28	66.533
29	73.8966
30	73.6198
31	73.588
32	73.3418
33	74.0307
34	65.5693
35	65.4701
36	62.6425
37	62.6192
38	61.1404
39	61.1402
40	57.8239
41	55.4218
42	57.0366
43	56.9928
44	56.9928
45	63.3752
46	63.3752
47	63.3629
48	63.1335
49	67.4306
50	67.4252
51	81.1901
52	80.8796
53	80.8603
54	80.6272
55	80.069
56	80.0637
57	116.727
58	114.404
59	114.399
60	114.399
61	113.754
62	113.754
63	113.753
64	109.744
65	107.844
66	107.607
67	103.948
68	102.62
69	101.097
70	101.097
71	101.069
72	101.068
73	100.936
74	99.9184
75	99.7811
76	99.7808
77	99.6094
78	99.6078
79	98.0307
80	96.7485
81	96.7485
82	95.5975
83	93.6384
84	93.2092
85	92.2135
86	91.7849
87	91.7847
88	83.2667
89	83.2655
90	83.1235
91	82.2847
92	80.5014
93	78.9574
94	78.2224
95	78.2223
96	78.2146
97	78.9825
98	74.1203
99	75.2917
100	75.1248
101	75.1235
102	75.0583
103	75.0385
104	74.2984
105	74.2623
106	74.2556
107	80.8896
108	78.3194
109	78.1494
110	78.1255
111	77.7499
112	76.1243
113	76.1004
114	76.0994
115	75.9479
116	75.9444
117	72.4384
118	72.4384
119	72.1916
120	72.1909
121	72.1038
122	72.0906
123	72.062
124	72.0185
125	77.3704
126	77.2774
127	74.4684
128	73.6736
129	74.3945
130	74.3945
131	75.9618
132	75.797
133	75.7865
134	75.73
135	75.7274
136	75.166
137	75.1328
138	75.1327
139	75.1353
140	74.9836
141	74.9835
142	74.9744
143	74.9089
144	74.8842
145	74.8489
146	74.8486
147	74.8462
148	74.6465
149	73.8165
150	73.4945
151	73.4812
152	73.4783
153	68.2065
154	68.2065
155	64.1243
156	64.121
157	62.314
158	62.2309
159	61.5582
160	61.5523
161	61.5186
162	61.5186
163	64.0278
164	64.0275
165	63.8855
166	62.9811
167	62.9811
168	62.9683
169	62.9557
170	62.0142
171	62.0125
172	62.003
173	61.797
174	61.648
175	60.6781
176	60.6721
177	79.5672
178	79.5672
179	79.5405
180	79.5349
181	78.5521
182	78.5518
183	78.3569
184	78.3285
185	78.3274
186	78.2635
187	67.7043
188	75.2979
189	73.1656
190	70.6874
191	69.9985
192	69.9577
193	69.8125
194	69.8106
195	69.7438
196	69.7137
197	69.7072
198	69.7021
199	69.6975
200	74.8439
201	74.1192
202	74.1073
203	74.1064
204	73.6509
205	73.6375
206	73.6241
207	73.2925
208	73.2921
209	73.2875
210	73.2783
211	73.2782
212	153.661
213	153.661
214	149.199
215	149.116
216	148.966
217	141.655
218	141.302
219	142.985
220	142.719
221	140.342
222	140.336
223	140.335
224	136.866
225	136.073
226	135.6
227	154.574
228	153.674
229	201.301
230	201.3
231	201.3
232	201.299
233	192.636
234	191.153
235	190.728
236	190.727
237	182.36
238	181.916
239	181.916
240	181.818
241	181.812
242	181.035
243	180.542
244	180.542
245	180.542
246	178.983
247	178.815
248	177.92
249	177.92
250	177.876
251	177.696
252	177.158
253	177.157
254	176.851
255	176.397
256	176.393
257	173.771
258	173.304
259	173.295
260	181.815
261	181.787
262	185.513
263	185.387
264	185.387
265	186.405
266	186.402
267	185.633
268	185.556
269	182.295
270	182.177
271	182.093
272	182.131
273	178.523
274	174.714
275	194.864
276	189.602
277	189.6
278	189.607
279	186.838
280	186.833
281	186.822
282	186.804
283	186.769
284	186.917
285	184.241
286	184.219
287	184.209
288	184.185
289	174.508
290	174.31
291	173.634
292	173.632
293	173.632
294	174.563
295	174.556
296	174.499
297	174.227
298	174.227
299	196.418
300	193.103
301	192.595
302	192.595
303	187.775
304	186.652
305	186.652
306	181.624
307	181.615
308	178.156
309	174.819
310	174.099
311	172.249
312	171.939
313	171.927
314	171.833
315	171.79
316	171.739
317	171.713
318	171.597
319	171.597
320	171.126
321	171.126
322	169.31
323	168.401
324	168.4
325	168.343
326	168.159
327	167.562
328	171.344
329	171.342
330	170.891
331	168.981
332	168.973
333	168.849
334	167.957
335	172.279
336	170.467
337	170.444
338	167.952
339	167.952
340	167.304
341	167.014
342	167.014
343	166.656
344	165.882
345	165.88
346	172.287
347	171.781
348	171.78
349	171.839
350	171.836
351	171.761
352	171.667
353	171.667
354	171.662
355	161.757
356	161.756
357	161.684
358	161.626
359	161.625
360	161.622
361	161.127
362	153.449
363	153.377
364	153.084
365	151.947
366	151.889
367	151.971
368	151.698
369	152.487
370	152.487
371	150.298
372	145.327
373	145.122
374	145.018
375	144.916
376	143.169
377	142.978
378	141.785
379	141.768
380	140.936
381	141.714
382	141.814
383	141.579
384	139.462
385	139.028
386	137.484
387	136.432
388	135.674
389	136.284
390	135.865
391	135.028
392	135.002
393	131.349
394	134.678
395	134.624
396	134.394
397	134.391
398	127.138
399	127.131
400	127.131
401	122.038
402	121.618
403	121.618
404	121.56
405	118.388
406	118.071
407	118.021
408	116.909
409	116.873
410	116.142
411	115.271
412	115.27
413	115.241
414	137.424
415	137.377
416	137.359
417	136.574
418	136.564
419	136.494
420	135.964
421	135.754
422	135.731
423	133.151
424	133.024
425	132.713
426	132.712
427	128.634
428	136.068
429	136.05
430	136.026
431	135.546
432	135.551
433	135.549
434	135.545
435	140.731
436	140.73
437	140.675
438	140.224
439	139.909
440	135.151
441	134.829
442	144.243
443	142.25
444	142.248
445	142.156
446	140.971
447	141.25
448	141.201
449	156.39
450	157.389
451	157.386
452	157.286
453	156.784
454	155.594
455	158.265
456	160.423
457	160.303
458	158.294
459	158.56
460	158.559
461	158.557
462	158.16
463	155.698
464	155.698
465	155.648
466	155.646
467	155.646
468	161.355
469	164.427
470	164.118
471	164.117
472	164.113
473	174.106
474	193.76
475	193.716
476	193.709
477	187.008
478	186.981
479	186.689
480	186.352
481	186.27
482	184.829
483	183.453
484	183.434
485	181.061
486	180.998
487	178.014
488	173.734
489	179.272
490	179.24
491	178.99
492	178.934
493	178.894
494	178.875
495	174.266
496	173.917
497	173.553
498	173.465
499	170.672
500	170.668
501	170.553
502	190.361
503	190.278
504	190.278
505	183.675
506	183.071
507	182.186
508	188.222
509	187.563
510	176.635
511	176.635
512	176.632
513	175.497
514	165.968
515	167.318
516	167.064
517	166.937
518	166.619
519	166.61
520	165.742
521	165.385
522	164.11
523	164.11
524	163.614
525	163.614
526	162.778
527	162.747
528	162.272
529	162.175
530	155.921
531	156.271
532	156.145
533	156.779
534	156.777
535	154.617
536	177.019
537	176.998
538	176.836
539	176.764
540	176.526
541	176.52
542	166.868
543	186.658
544	173.077
545	168.487
546	168.486
547	168.486
548	168.321
549	166.077
550	170.431
551	169.737
552	166.845
553	166.839
554	165.29
555	165.281
556	164.583
557	173.691
558	167.877
559	167.305
560	169.042
561	169.011
562	168.094
563	168.03
564	167.139
565	167.134
566	167.132
567	165.658
568	165.507
569	165.415
570	165.525
571	166.265
572	163.464
573	163.128
574	163.128
575	189.745
576	189.678
577	187.772
578	187.765
579	186.321
580	186.32
581	186.319
582	186.045
583	185.983
584	185.859
585	183.151
586	178.57
587	210.951
588	210.806
589	210.773
590	208.502
591	207.444
592	207.431
593	207.424
594	221.221
595	217.685
596	217.638
597	217.577
598	216.625
599	216.616
600	215.942
601	214.855
602	212.454
603	212.437
604	212.436
605	206.953
606	206.932
607	206.281
608	206.119
609	202.401
610	201.198
611	201.198
612	200.745
613	199.226
614	199.224
615	199.171
616	199.165
617	210.861
618	210.609
619	210.609
620	208.283
621	208.274
622	208.274
623	208.227
624	208.17
625	208.163
626	217.024
627	216.586
628	216.58
629	215.6
630	215.6
631	215.541
632	215.541
633	213.743
634	225.592
635	225.591
636	225.586
637	225.338
638	225.337
639	231.218
640	229.658
641	228.923
642	213.595
643	213.579
644	213.076
645	212.347
646	211.516
647	211.359
648	211.068
649	210.936
650	210.862
651	210.771
652	210.706
653	209.825
654	208.539
655	208.304
656	208.301
657	208.301
658	207.971
659	207.966
660	205.415
661	205.411
662	205.164
663	205.132
664	249.691
665	249.689
666	239.643
667	239.642
668	239.543
669	238.923
670	273.586
671	271.696
672	362.823
673	362.113
674	361.809
675	361.803
676	361.396
677	361.742
678	361.471
679	361.448
680	360.379
681	360.379
682	360.26
683	359.923
684	359.616
685	359.616
686	359.272
687	356.455
688	356.237
689	355.81
690	331.23
691	330.992
692	330.813
693	330.783
694	330.596
695	330.574
696	330.17
697	330.17
698	330.023
699	329.027
700	329.01
701	324.486
702	321.669
703	321.668
704	321.561
705	321.561
706	308.854
707	308.841
708	305.231
709	305.128
710	305.121
711	305.112
712	305.11
713	302.718
714	300.853
715	300.825
716	294.32
717	287.182
718	285.075
719	284.859
720	284.708
721	284.698
722	284.698
723	284.508
724	284.483
725	282.969
726	282.968
727	282.673
728	282.625
729	302.727
730	302.724
731	302.471
732	304.054
733	302.295
734	302.268
735	302.057
736	300.523
737	300.514
738	300.505
739	297.612
740	293.36
741	293.164
742	291.963
743	288.94
744	288.909
745	285.824
746	285.821
747	285.821
748	285.797
749	285.53
750	288.676
751	286.872
752	286.87
753	284.031
754	284.017
755	284.013
756	283.997
757	283.835
758	280.27
759	280.214
760	278.198
761	278.198
762	277.576
763	277.472
764	330.014
765	330.014
766	329.998
767	329.997
768	329.931
769	329.925
770	328.828
771	321.837
772	321.825
773	298.367
774	298.111
775	297.822
776	297.822
777	297.706
778	297.685
779	297.058
780	297.058
781	296.784
782	296.534
783	296.456
784	295.583
785	296.015
786	295.679
787	310.19
788	310.138
789	310.131
790	310.116
791	310.116
792	309.965
793	308.805
794	302.724
795	299.799
796	299.799
797	331.827
798	331.781
799	331.78
800	331.779
801	331.544
802	331.544
803	331.32
804	331.144
805	329.913
806	332.539
807	329.986
808	319.637
809	319.268
810	319.268
811	319.182
812	319.032
813	319.026
814	313.419
815	310
816	309.975
817	309.975
818	309.91
819	311.96
820	311.283
821	308.903
822	321.418
823	321.415
824	317.95
825	317.944
826	317.939
827	317.752
828	312.633
829	312.544
830	316.277
831	315.596
832	315.573
833	315.461
834	315.461
835	315.362
836	315.354
837	315.232
838	315.232
839	315.549
840	316.853
841	316.109
842	315.967
843	315.952
844	314.781
845	314.053
846	313.886
847	311.739
848	309.617
849	309.173
850	308.998
851	308.998
852	308.947
853	308.308
854	308.035
855	365.101
856	361.894
857	361.867
858	361.864
859	361.834
860	375.96
861	375.89
862	375.879
863	375.879
864	375.863
865	381.305
866	381.237
867	381.003
868	388.407
869	387.295
870	386.585
871	386.524
872	386.737
873	386.723
874	386.668
875	386.606
876	389.232
877	389.199
878	389.148
879	388.255
880	387.074
881	382.656
882	379.431
883	379.431
884	379.075
885	378.901
886	377.928
887	377.733
888	349.395
889	348.451
890	348.451
891	347.32
892	345.075
893	345.074
894	344.372
895	342.624
896	401.577
897	401.356
898	418.637
899	415.334
900	414.39
901	414.411
902	411.184
903	410.706
904	410.658
905	410.475
906	410.474
907	408.018
908	405.11
909	405.004
910	404.924
911	404.924
912	404.792
913	409.103
914	408.977
915	403.03
916	402.855
917	402.854
918	402.401
919	402.376
920	401.887
921	401.7
922	400.644
923	404.625
924	404.498
925	404.455
926	404.455
927	403.597
928	402.74
929	402.728
930	402.728
931	402.692
932	402.638
933	401.014
934	397.485
935	397.199
936	395.251
937	395.214
938	392.321
939	435.331
940	435.326
941	435.326
942	420.05
943	417.407
944	416.638
945	416.627
946	414.402
947	413.643
948	413.226
949	413.225
950	413.219
951	412.966
952	409.34
953	408.926
954	408.875
955	408.833
956	408.785
957	405.602
958	401.953
959	401.326
960	407.24
961	406.941
962	406.71
963	406.612
964	406.573
965	405.851
966	404.542
967	404.541
968	404.225
969	403.968
970	401.867
971	395.075
972	395.075
973	391.471
974	391.353
975	390.668
976	389.998
977	389.933
978	389.837
979	389.752
980	389.2
981	388.424
982	388.012
983	386.834
984	386.424
985	386.424
986	383.044
987	383.014
988	382.407
989	382.404
990	376.332
991	372.07
992	371.901
993	368.859
994	368.09
995	367.979
996	367.978
997	371.126
998	365.649
999	365.649
1000	364.383
