0	1.99459
1	1.27602
2	1.27347
3	1.26447
4	0.820538
5	0.80254
6	0.810121
7	3.41834
8	3.41791
9	1.18472
10	1.14866
11	1.11694
12	1.19128
13	1.19101
14	1.18108
15	1.19359
16	1.04238
17	1.15668
18	1.15314
19	1.16708
20	1.16305
21	0.974046
22	0.888979
23	0.942764
24	0.860182
25	0.810093
26	0.799383
27	0.686889
28	0.685669
29	0.619326
30	0.59022
31	0.517489
32	0.498557
33	0.458594
34	0.493561
35	0.922277
36	0.846908
37	0.844302
38	0.775844
39	0.773876
40	0.593753
41	0.430887
42	0.327379
43	0.323702
44	0.323628
45	0.380709
46	0.380192
47	0.379931
48	0.363787
49	0.352312
50	0.345828
51	0.345887
52	0.370289
53	0.352
54	0.351969
55	0.342997
56	0.45083
57	0.147666
58	0.143983
59	0.142551
60	0.126843
61	0.122375
62	0.107252
63	0.100349
64	0.132269
65	0.122784
66	0.119663
67	0.116407
68	0.218306
69	0.529413
70	0.529239
71	0.562098
72	0.749242
73	0.757342
74	2.46877
75	1.55666
76	1.55006
77	2.2803
78	2.27303
79	2.31195
80	2.23144
81	2.22926
82	2.21966
83	2.20611
84	1.59128
85	1.59125
86	1.58657
87	1.52198
88	1.53658
89	1.51771
90	1.49788
91	1.52008
92	1.48637
93	1.4333
94	1.34473
95	1.33898
96	1.30306
97	1.19781
98	1.19835
99	1.16992
100	1.16553
101	1.14161
102	1.10255
103	1.09067
104	1.09067
105	1.67364
106	1.66619
107	1.67374
108	1.68613
109	1.62904
110	1.61691
111	1.53946
112	1.51979
113	1.51974
114	1.47378
115	2.83223
116	3.08903
117	3.16782
118	3.15002
119	2.8925
120	2.9
121	2.41413
122	2.38607
123	2.20607
124	2.20594
125	2.82758
126	3.97691
127	3.96899
128	3.04529
129	2.0931
130	2.06399
131	1.5361
132	1.44224
133	1.85129
134	2.35976
135	2.26994
136	2.22977
137	2.19076
138	2.15489
139	1.75877
140	1.1793
141	1.2198
142	1.21973
143	2.04329
144	2.02158
145	2.50521
146	2.50352
147	2.48804
148	2.28612
149	2.28854
150	2.24093
151	2.72787
152	2.69834
153	2.72662
154	2.67257
155	2.65155
156	2.62205
157	2.45165
158	2.45081
159	2.45442
160	2.1351
161	2.09893
162	2.09788
163	1.99853
164	1.98134
165	1.9081
166	1.56943
167	1.19403
168	1.29319
169	1.27943
170	1.15775
171	1.11229
172	1.10591
173	1.09571
174	1.04946
175	0.972885
176	0.972075
177	0.73334
178	0.701157
179	0.616066
180	0.61304
181	0.64969
182	0.631823
183	0.632761
184	0.630152
185	0.524351
186	0.318929
187	0.290547
188	0.323047
189	0.318695
190	0.232184
191	0.697282
192	0.689429
193	0.664287
194	0.655394
195	0.608131
196	0.596347
197	0.594698
198	0.419594
199	1.33666
200	0.502065
201	0.378865
202	0.424592
203	0.419163
204	0.379746
205	0.40112
206	0.401247
207	0.401552
208	0.395881
209	0.262828
210	0.257284
211	0.243718
212	0.295705
213	0.273895
214	0.264935
215	0.247065
216	0.243609
217	0.237659
218	0.220796
219	0.218376
220	0.217501
221	0.197053
222	0.397545
223	0.366347
224	0.361684
225	0.354834
226	0.344207
227	0.335355
228	0.370269
229	0.303449
230	0.25746
231	0.242247
232	0.241453
233	0.181581
234	0.171924
235	0.169051
236	0.155278
237	0.155157
238	0.0731995
239	0.0730088
240	0.0717234
241	0.0665231
242	0.0637943
243	0.356175
244	0.329761
245	0.292135
246	0.250784
247	0.260138
248	0.211244
249	0.211195
250	0.211521
251	0.222864
252	0.222696
253	0.222341
254	0.218086
255	0.210449
256	0.205119
257	0.185806
258	0.182689
259	0.173017
260	0.167423
261	0.349035
262	0.332363
263	0.333586
264	0.325937
265	0.344825
266	0.343458
267	0.295074
268	0.293944
269	0.308732
270	0.305963
271	0.297105
272	0.279346
273	0.273956
274	0.269271
275	0.272077
276	0.277317
277	0.27647
278	0.254773
279	0.248279
280	0.222288
281	0.132378
282	0.132668
283	0.0638906
284	0.0606936
285	0.0590449
286	0.067226
287	0.065591
288	0.0644651
289	0.0612884
290	0.0590371
291	0.0598596
292	0.0564559
293	0.0564235
294	0.0572845
295	0.0568508
296	0.055346
297	0.0390428
298	0.0360854
299	0.0361544
300	0.0333422
301	0.236836
302	0.220683
303	0.124803
304	0.124504
305	0.120567
306	0.186938
307	0.187008
308	0.186722
309	0.186499
310	0.358117
311	0.334893
312	0.334109
313	0.238537
314	0.164074
315	0.355035
316	0.339763
317	0.330495
318	0.324194
319	0.313621
320	0.310717
321	0.309163
322	0.282335
323	0.189868
324	0.184977
325	0.195708
326	0.22466
327	0.530881
328	0.525113
329	0.479959
330	0.4389
331	0.438087
332	0.474633
333	0.466467
334	0.496474
335	0.483463
336	1.31222
337	1.30111
338	1.29218
339	1.16625
340	1.16281
341	1.1007
342	1.09646
343	1.0929
344	1.09244
345	0.948058
346	0.932963
347	0.709989
348	0.538211
349	0.514267
350	0.507594
351	0.503289
352	0.500347
353	0.489926
354	0.562763
355	0.368975
356	0.372922
357	0.356413
358	0.441762
359	0.427136
360	0.423452
361	0.423583
362	0.201179
363	0.192159
364	0.168127
365	0.205454
366	0.257612
367	0.275462
368	0.409332
369	0.774057
370	0.737125
371	0.700522
372	0.686308
373	0.679571
374	0.677481
375	0.695492
376	0.685838
377	0.454879
378	0.44428
379	0.43748
380	0.428856
381	0.929861
382	1.42602
383	1.3354
384	1.73272
385	1.71781
386	1.67867
387	1.63477
388	1.62137
389	1.55719
390	1.34919
391	1.24654
392	1.72729
393	1.59007
394	1.73129
395	1.5698
396	1.56233
397	2.01891
398	1.54021
399	1.54018
400	1.50641
401	1.00816
402	0.77815
403	0.765006
404	0.70559
405	0.706538
406	0.72492
407	0.74671
408	0.471359
409	0.449593
410	0.559038
411	0.437794
412	0.4197
413	0.352819
414	0.349735
415	0.339856
416	0.239235
417	0.191409
418	0.186821
419	0.183327
420	0.181065
421	0.183764
422	0.183821
423	0.184353
424	0.154604
425	0.157014
426	0.152076
427	0.147324
428	0.116328
429	0.115866
430	0.0975297
431	0.0838242
432	0.0806657
433	0.0803088
434	0.0828315
435	0.1259
436	0.120405
437	0.132133
438	0.114947
439	0.114664
440	0.0792561
441	0.0748845
442	0.129975
443	0.129134
444	0.138808
445	0.136859
446	0.160877
447	0.156256
448	0.155359
449	0.186341
450	0.185335
451	0.185303
452	0.199707
453	0.198513
454	0.17495
455	0.183786
456	0.165204
457	0.0465001
458	0.0368527
459	0.0358626
460	0.0357715
461	0.0554242
462	0.0703186
463	0.0703183
464	0.0670983
465	0.0647744
466	0.0360897
467	0.0360878
468	0.0330148
469	0.032342
470	0.0304542
471	0.0199516
472	0.0244247
473	0.0111638
474	0.0361728
475	0.0235398
476	0.0592239
477	0.0432447
478	0.0414369
479	0.041019
480	0.0306951
481	0.0273694
482	0.0244646
483	0.0516998
484	0.0516635
485	0.115886
486	0.0850492
487	0.154722
488	0.695302
489	0.695589
490	0.699902
491	0.699649
492	0.690748
493	0.697504
494	0.998186
495	0.966911
496	0.906774
497	0.853184
498	0.823757
499	0.825238
500	0.779339
501	0.748331
502	0.63665
503	0.643209
504	0.641312
505	0.499723
506	0.465149
507	0.409299
508	0.420037
509	0.440932
510	0.363685
511	0.363682
512	0.355196
513	0.372425
514	0.372847
515	0.377596
516	0.37229
517	0.278255
518	0.289324
519	0.272386
520	0.274898
521	0.218938
522	0.245894
523	0.303277
524	0.355848
525	0.354296
526	0.331091
527	0.333836
528	0.327874
529	0.318631
530	1.02605
531	1.00357
532	2.75546
533	2.61678
534	2.58583
535	2.50715
536	2.50694
537	3.31335
538	3.18216
539	3.46948
540	3.46593
541	3.46304
542	5.68211
543	5.68403
544	5.68412
545	5.27424
546	5.22328
547	5.15479
548	5.00709
549	5.62324
550	5.48471
551	6.10328
552	6.07282
553	5.75417
554	5.7419
555	6.40168
556	6.16065
557	6.04346
558	5.78818
559	5.78999
560	6.65875
561	6.44684
562	6.16893
563	5.99945
564	5.54624
565	5.50362
566	5.49439
567	5.45601
568	5.4165
569	5.40835
570	6.19006
571	5.83304
572	5.60932
573	5.06648
574	5.0641
575	5.18964
576	5.05142
577	5.09884
578	5.14107
579	4.93527
580	4.91803
581	4.73702
582	4.192
583	4.08649
584	3.92457
585	3.65347
586	3.5385
587	3.22191
588	3.03993
589	2.76243
590	2.64258
591	2.64225
592	2.69082
593	2.68676
594	2.36827
595	2.25634
596	2.22569
597	2.17375
598	1.61652
599	1.41668
600	1.43068
601	1.1838
602	1.29123
603	1.26097
604	1.25883
605	1.25544
606	1.1992
607	1.20804
608	0.802405
609	1.25179
610	1.45069
611	1.42782
612	2.04982
613	2.03036
614	2.01676
615	2.02205
616	2.01609
617	1.81874
618	1.82927
619	1.82881
620	1.83731
621	1.78348
622	1.72826
623	2.02193
624	2.01273
625	2.25126
626	2.24315
627	2.0339
628	2.0736
629	2.50104
630	2.49534
631	3.00237
632	2.99916
633	2.22788
634	2.11367
635	2.03644
636	1.88055
637	1.85482
638	2.28765
639	2.27035
640	2.15617
641	1.90023
642	1.85954
643	1.7144
644	1.82854
645	1.93934
646	1.89212
647	1.81354
648	1.92128
649	2.60889
650	2.416
651	2.41351
652	2.31535
653	2.17636
654	1.91976
655	1.91327
656	1.9456
657	1.93719
658	2.10018
659	2.0109
660	1.72917
661	1.69831
662	1.69302
663	1.68665
664	1.68523
665	1.6669
666	1.58437
667	1.58283
668	1.29412
669	0.946919
670	0.86006
671	0.876804
672	3.56667
673	3.55165
674	3.55095
675	3.56316
676	4.4299
677	3.75923
678	3.63183
679	3.58486
680	2.69957
681	2.62085
682	2.75889
683	2.35975
684	1.48012
685	1.44552
686	1.09863
687	1.02793
688	0.894176
689	0.887011
690	0.869012
691	1.17338
692	1.17339
693	1.15953
694	1.14122
695	1.17065
696	1.25972
697	1.25804
698	1.23827
699	1.22571
700	1.28967
701	1.22942
702	1.23027
703	1.22094
704	1.10457
705	0.912702
706	0.761228
707	0.775076
708	0.777748
709	0.715834
710	0.702982
711	0.545343
712	0.627301
713	0.60391
714	0.607285
715	0.604417
716	0.606182
717	0.646907
718	0.47973
719	0.477906
720	0.422543
721	0.364341
722	0.357225
723	0.483471
724	0.466536
725	0.43871
726	0.429122
727	0.389928
728	0.290761
729	0.299557
730	0.298813
731	0.184857
732	0.245744
733	0.216177
734	0.216174
735	0.191963
736	0.190028
737	0.188873
738	0.1855
739	0.186284
740	0.183779
741	0.340932
742	0.321607
743	1.15837
744	1.13812
745	1.08478
746	1.08277
747	1.08257
748	1.41192
749	1.39702
750	0.860145
751	0.824456
752	0.767775
753	0.760006
754	0.757872
755	0.739181
756	0.735224
757	0.533436
758	0.53331
759	0.517053
760	0.455354
761	0.454861
762	0.448719
763	0.427951
764	0.436452
765	0.385902
766	0.342343
767	0.342107
768	0.584543
769	0.533077
770	0.522436
771	0.521034
772	0.487534
773	0.654043
774	0.648828
775	0.431278
776	0.427294
777	0.417313
778	0.395467
779	0.370046
780	0.367339
781	0.426601
782	0.416593
783	0.507833
784	0.849078
785	0.800461
786	0.589725
787	0.569435
788	0.562957
789	0.55979
790	0.576198
791	0.57161
792	0.56332
793	0.66001
794	0.633921
795	0.588996
796	0.584203
797	0.652802
798	0.642144
799	0.642102
800	1.16714
801	1.81266
802	1.80378
803	1.70444
804	1.60942
805	3.83181
806	3.7122
807	3.55136
808	3.55169
809	3.54089
810	3.42306
811	3.4018
812	3.40174
813	3.37788
814	2.92338
815	3.03274
816	3.4567
817	3.44488
818	3.23159
819	3.78682
820	3.78809
821	3.42691
822	3.34377
823	3.34363
824	3.38278
825	3.37167
826	3.12454
827	3.38547
828	3.16675
829	3.12305
830	3.09948
831	2.40396
832	2.37735
833	2.36625
834	2.36354
835	2.37039
836	2.39547
837	2.05671
838	2.05219
839	1.56176
840	1.50168
841	1.442
842	1.40039
843	1.39519
844	1.43709
845	1.39806
846	1.392
847	1.37796
848	1.32204
849	1.16802
850	1.02327
851	1.00864
852	0.994708
853	0.954545
854	0.877741
855	2.98539
856	2.95961
857	2.79565
858	2.77651
859	2.67686
860	3.04354
861	2.96416
862	2.56486
863	2.5391
864	2.4939
865	2.38844
866	2.13137
867	2.01309
868	1.99329
869	1.70259
870	1.28164
871	1.10089
872	1.09924
873	1.05779
874	0.986686
875	0.978726
876	0.738081
877	0.58464
878	0.579151
879	0.572748
880	0.572322
881	0.697776
882	0.701677
883	0.693135
884	0.682098
885	0.682044
886	0.669978
887	0.644993
888	0.652226
889	1.14143
890	1.17233
891	1.14686
892	0.864271
893	0.735491
894	0.73998
895	0.611206
896	0.566062
897	0.639366
898	0.637378
899	0.570554
900	0.55593
901	0.786227
902	0.988278
903	0.936108
904	0.922319
905	0.809132
906	0.80726
907	0.804926
908	0.950023
909	0.931312
910	0.881499
911	0.846926
912	0.687341
913	0.677079
914	0.670589
915	0.630781
916	0.663756
917	0.659964
918	0.584977
919	0.576401
920	0.593857
921	0.571142
922	0.43145
923	0.433497
924	0.621228
925	0.606991
926	0.593924
927	0.58818
928	0.396204
929	0.368003
930	0.364081
931	0.625362
932	0.565531
933	0.536978
934	1.65173
935	3.38351
936	3.49097
937	3.43207
938	3.0871
939	2.53991
940	2.17449
941	1.98678
942	1.91671
943	1.39315
944	1.30324
945	1.52117
946	1.52017
947	1.9764
948	1.7993
949	1.79526
950	1.55216
951	2.90604
952	2.88798
953	4.41245
954	3.60027
955	3.60361
956	3.95741
957	3.96224
958	3.94377
959	3.86137
960	4.56996
961	4.64307
962	4.44295
963	4.42569
964	4.36246
965	3.20328
966	2.95519
967	2.78765
968	3.32562
969	2.7116
970	2.75547
971	2.50073
972	2.42143
973	2.42444
974	2.37371
975	3.77083
976	3.66653
977	3.66581
978	3.58059
979	3.5665
980	3.5222
981	4.50617
982	4.48832
983	4.43629
984	4.2794
985	3.99534
986	2.6559
987	2.5803
988	2.5803
989	2.5755
990	2.41214
991	2.64167
992	2.6208
993	2.58388
994	2.28386
995	2.28386
996	2.25622
997	1.88951
998	1.88019
999	1.78145
1000	1.58259
