0	1.99459
1	2.8483
2	2.83153
3	2.83108
4	1.79962
5	1.66249
6	2.83371
7	15.822
8	15.822
9	9.93055
10	9.83378
11	9.8012
12	9.06057
13	8.95247
14	8.91337
15	9.88594
16	9.68666
17	10.4475
18	12.7095
19	10.5798
20	9.65625
21	8.17661
22	8.1495
23	6.17712
24	6.32056
25	6.27823
26	6.24643
27	6.08265
28	6.09934
29	6.31003
30	5.86368
31	5.65615
32	5.20885
33	5.19799
34	6.29433
35	5.48046
36	6.22135
37	6.19249
38	16.2755
39	16.2687
40	14.9561
41	15.8337
42	24.3353
43	24.3093
44	24.3077
45	19.7493
46	19.739
47	19.6253
48	19.3656
49	17.3762
50	17.2591
51	14.7954
52	15.3838
53	15.2669
54	15.0389
55	14.9024
56	14.586
57	14.5884
58	13.244
59	13.2403
60	13.1812
61	12.7714
62	12.7684
63	12.7191
64	13.6347
65	13.5652
66	13.193
67	12.1094
68	13.4178
69	14.4371
70	14.4345
71	13.4573
72	13.2709
73	12.6155
74	14.9259
75	16.0613
76	16.0265
77	18.6697
78	18.5955
79	16.1226
80	16.1604
81	16.1459
82	24.9926
83	24.5916
84	24.223
85	21.2016
86	20.9471
87	20.781
88	20.519
89	20.492
90	20.4455
91	20.8039
92	19.6567
93	26.6247
94	25.8057
95	25.7909
96	25.6823
97	24.6752
98	25.9542
99	25.9545
100	25.7357
101	25.7047
102	25.5236
103	25.4377
104	25.0318
105	23.6657
106	23.5778
107	23.5829
108	22.3614
109	22.3468
110	22.2907
111	22.3038
112	22.1846
113	22.162
114	21.662
115	21.1129
116	20.9785
117	20.5615
118	20.5523
119	19.9955
120	19.3557
121	18.0505
122	17.9448
123	17.8374
124	16.5143
125	16.678
126	17.4305
127	16.3836
128	14.359
129	14.3561
130	14.3288
131	14.4332
132	14.1617
133	12.8838
134	12.3718
135	12.2587
136	12.141
137	12.0202
138	11.9933
139	12.0284
140	11.5667
141	11.5523
142	11.525
143	19.1884
144	19.0792
145	25.5853
146	25.3396
147	25.3342
148	25.544
149	25.7029
150	25.5689
151	30.8491
152	30.7762
153	30.463
154	30.4519
155	30.0937
156	30.0089
157	29.273
158	29.4791
159	30.0929
160	29.8115
161	29.6645
162	29.6641
163	28.7709
164	28.7499
165	30.0256
166	30.0296
167	29.9075
168	28.3943
169	28.1531
170	27.8197
171	27.7069
172	27.0359
173	26.8665
174	26.7679
175	26.7669
176	26.6952
177	26.7102
178	26.6981
179	26.503
180	26.4825
181	26.7725
182	26.6795
183	27.7693
184	27.4471
185	27.2276
186	24.2243
187	22.7127
188	23.1959
189	23.075
190	22.3745
191	24.7818
192	23.2965
193	23.0563
194	23.0011
195	22.7062
196	22.6483
197	22.6172
198	22.1909
199	22.1127
200	26.0572
201	26.0676
202	26.6843
203	26.3345
204	26.0007
205	25.6393
206	25.6603
207	24.6151
208	24.402
209	24.3519
210	24.2713
211	24.2476
212	26.992
213	26.9863
214	26.462
215	26.2893
216	26.2237
217	27.0636
218	27.0257
219	26.9246
220	24.7506
221	23.3841
222	23.2552
223	23.1621
224	22.9464
225	19.8237
226	19.6199
227	19.4033
228	19.4105
229	19.3257
230	19.266
231	19.2297
232	19.0155
233	18.0333
234	17.7819
235	17.0746
236	17.0408
237	16.8801
238	15.2476
239	15.2409
240	15.1904
241	15.1253
242	14.6383
243	17.8294
244	17.8137
245	17.6001
246	17.4362
247	17.4389
248	15.081
249	15.0809
250	14.9201
251	15.0538
252	15.0013
253	14.9974
254	14.2436
255	14.0932
256	13.9249
257	12.5617
258	12.5512
259	12.3387
260	20.5248
261	19.5366
262	18.9844
263	28.351
264	28.144
265	29.8522
266	29.8419
267	29.8402
268	29.8235
269	28.6545
270	28.543
271	29.5097
272	29.4953
273	29.1014
274	29.1434
275	28.7525
276	41.5612
277	41.2798
278	41.2537
279	40.011
280	39.5456
281	35.1278
282	34.4457
283	34.1599
284	33.849
285	32.7095
286	32.3145
287	32.2449
288	32.2258
289	31.9382
290	31.8341
291	31.7509
292	31.7208
293	30.8031
294	29.9768
295	29.9327
296	29.2466
297	29.0386
298	29.0113
299	25.2508
300	24.0702
301	26.7223
302	26.6096
303	25.6433
304	25.5794
305	25.548
306	25.6272
307	23.5604
308	35.6915
309	49.07
310	50.4963
311	49.7291
312	49.629
313	49.5649
314	48.6526
315	48.6484
316	47.9293
317	47.0605
318	45.8193
319	45.793
320	45.5748
321	45.1695
322	43.6805
323	42.2291
324	41.8843
325	39.5381
326	38.8841
327	38.348
328	37.4173
329	37.0729
330	36.5968
331	34.2982
332	34.0434
333	33.4448
334	32.9832
335	32.5468
336	29.8715
337	29.5832
338	28.6522
339	28.5886
340	27.7048
341	27.4508
342	27.449
343	27.0556
344	26.318
345	26.2017
346	25.5042
347	24.4596
348	24.2773
349	23.498
350	23.4244
351	23.1424
352	23.021
353	22.5821
354	21.3997
355	21.6965
356	21.4959
357	21.1141
358	20.9496
359	20.9222
360	20.7466
361	20.9784
362	21.3017
363	20.9404
364	21.7576
365	21.728
366	21.6122
367	23.1474
368	23.3866
369	23.7387
370	23.7364
371	23.8515
372	29.5353
373	29.4733
374	29.1766
375	28.2414
376	27.5848
377	27.6047
378	27.2429
379	27.0751
380	26.4485
381	24.4582
382	24.4748
383	23.5226
384	25.613
385	25.3439
386	24.586
387	24.1825
388	23.066
389	22.0673
390	21.8944
391	22.1617
392	22.4432
393	21.5971
394	21.4308
395	21.3574
396	21.5806
397	20.705
398	20.74
399	20.3911
400	20.379
401	20.5294
402	20.2922
403	20.263
404	19.8652
405	18.1954
406	18.2426
407	17.4306
408	19.6151
409	19.4982
410	17.8147
411	17.7649
412	17.7405
413	16.7989
414	16.8028
415	16.706
416	16.5958
417	16.1496
418	16.1147
419	15.5167
420	15.1848
421	14.38
422	14.0296
423	14.684
424	14.4446
425	14.6229
426	14.6084
427	14.653
428	14.3145
429	14.2298
430	14.0556
431	13.8242
432	13.7407
433	13.5811
434	15.2071
435	14.7418
436	14.7235
437	14.5816
438	14.2071
439	13.2791
440	22.0372
441	21.6057
442	25.4823
443	25.3476
444	24.5986
445	23.3588
446	32.4743
447	36.5464
448	35.0913
449	35.3226
450	37.1204
451	37.0404
452	37.2319
453	36.6109
454	35.6037
455	34.4169
456	34.3702
457	34.15
458	33.823
459	33.3555
460	33.2665
461	33.1262
462	31.5279
463	29.7979
464	29.7777
465	28.3892
466	28.2019
467	28.2015
468	28.3058
469	27.5746
470	27.4308
471	27.2999
472	35.8343
473	35.788
474	35.8988
475	35.0824
476	33.74
477	32.7772
478	32.4338
479	32.0381
480	31.5228
481	30.9007
482	30.3787
483	33.665
484	33.5304
485	34.0485
486	33.7028
487	32.0066
488	29.3853
489	29.4541
490	29.336
491	29.264
492	28.4762
493	28.4632
494	27.9797
495	27.2107
496	29.6414
497	29.5289
498	28.9901
499	29.2753
500	29.1829
501	28.2003
502	26.9284
503	25.243
504	25.2425
505	24.1098
506	23.4241
507	22.8726
508	20.4397
509	21.0047
510	19.4528
511	19.4309
512	19.3943
513	18.4092
514	20.2917
515	24.6476
516	24.6447
517	24.5118
518	24.0606
519	24.0153
520	22.7375
521	22.3965
522	21.8732
523	21.8057
524	21.9597
525	21.9526
526	21.5937
527	20.7759
528	20.5347
529	20.4434
530	19.0759
531	20.5373
532	19.6733
533	18.2089
534	18.1751
535	15.7387
536	15.0717
537	13.9888
538	13.5964
539	12.0131
540	11.9467
541	11.9389
542	11.952
543	15.3188
544	15.4624
545	16.143
546	15.8966
547	15.8932
548	15.8084
549	18.6953
550	18.2645
551	17.7187
552	19.2942
553	19.1261
554	18.1296
555	21.5721
556	20.9076
557	18.3551
558	17.9001
559	17.0388
560	14.5298
561	12.7123
562	20.4355
563	20.3783
564	20.6829
565	20.3864
566	20.3769
567	20.2854
568	20.2464
569	20.0129
570	20.0263
571	23.8133
572	22.8514
573	22.8029
574	22.8024
575	21.041
576	20.9636
577	19.9519
578	19.2418
579	20.3325
580	20.3167
581	20.302
582	19.8506
583	19.7721
584	19.2338
585	17.6201
586	15.9386
587	17.9638
588	16.0472
589	15.7489
590	14.726
591	14.1731
592	13.8391
593	13.6779
594	13.678
595	13.4808
596	13.3487
597	13.2726
598	13.5938
599	13.4343
600	15.1307
601	14.0539
602	14.4907
603	14.6183
604	14.6146
605	13.4253
606	13.3195
607	12.5701
608	15.8567
609	22.1897
610	21.8369
611	21.8337
612	34.9363
613	34.6024
614	34.5583
615	33.4706
616	33.3984
617	40.0673
618	38.2454
619	38.2394
620	36.6521
621	36.5052
622	36.5034
623	38.954
624	38.6895
625	38.6042
626	38.0781
627	37.2247
628	36.613
629	33.4888
630	33.4808
631	37.6125
632	37.6105
633	35.6794
634	35.5279
635	35.445
636	35.2475
637	34.9023
638	34.6809
639	39.7486
640	39.1
641	44.1584
642	45.6004
643	45.3732
644	44.2447
645	44.4465
646	44.3931
647	44.4269
648	43.1019
649	42.0982
650	41.1457
651	40.4568
652	40.2921
653	38.4659
654	37.3056
655	36.9609
656	36.207
657	36.1926
658	34.4567
659	34.3538
660	34.3174
661	34.2722
662	33.2367
663	33.1928
664	33.1776
665	33.1431
666	32.2039
667	31.4936
668	30.7649
669	29.9454
670	29.9455
671	29.9745
672	33.2667
673	33.0951
674	31.3195
675	30.2614
676	30.2612
677	29.4323
678	27.2763
679	27.2452
680	27.3817
681	27.1028
682	25.5864
683	46.0287
684	43.9315
685	43.8807
686	39.9805
687	39.3452
688	37.5286
689	36.9409
690	36.5546
691	35.4394
692	34.6523
693	34.2344
694	34.027
695	32.4614
696	32.8136
697	32.8118
698	32.7126
699	32.0177
700	31.9647
701	31.2461
702	27.9807
703	26.9627
704	26.3843
705	26.21
706	25.2377
707	23.835
708	23.3048
709	22.9029
710	22.8164
711	22.3957
712	22.12
713	21.7803
714	21.8524
715	21.2404
716	20.4252
717	23.7686
718	24.1676
719	23.2101
720	23.6187
721	23.4881
722	23.4713
723	23.3038
724	23.2195
725	23.2385
726	23.117
727	22.6112
728	21.6083
729	19.1237
730	19.1146
731	18.7579
732	18.6445
733	18.2709
734	18.1028
735	18.073
736	16.9907
737	16.706
738	16.4114
739	15.6076
740	14.8147
741	16.0036
742	15.3608
743	15.8645
744	15.3772
745	15.1002
746	15.0703
747	15.0672
748	14.8355
749	14.7544
750	14.4188
751	14.1094
752	14.0383
753	14.0351
754	14.01
755	13.9719
756	13.9484
757	13.4822
758	13.3608
759	13.3051
760	13.0544
761	13.0525
762	12.4972
763	12.2213
764	12.3502
765	12.2921
766	12.398
767	12.3822
768	12.0833
769	11.9331
770	11.6626
771	11.6504
772	11.5549
773	13.5667
774	13.566
775	12.6475
776	12.6429
777	13.3584
778	13.2821
779	12.5315
780	12.5283
781	14.0997
782	13.9736
783	13.9026
784	14.0269
785	13.498
786	18.4411
787	18.3966
788	18.2673
789	18.2327
790	18.1298
791	18.1281
792	18.0248
793	14.239
794	17.7812
795	17.5741
796	17.5684
797	17.693
798	17.6173
799	17.6081
800	16.7074
801	16.7126
802	16.7043
803	16.6785
804	17.2437
805	16.5843
806	21.0451
807	19.5589
808	18.2993
809	16.4909
810	16.4274
811	16.1535
812	15.4801
813	15.4372
814	14.536
815	13.708
816	13.1051
817	13.1022
818	12.9949
819	12.1372
820	13.9681
821	16.5938
822	15.5385
823	15.4565
824	13.9837
825	13.9665
826	13.8265
827	16.3873
828	15.8438
829	15.7436
830	15.1929
831	14.9729
832	14.8546
833	14.7738
834	14.7719
835	13.9472
836	13.9471
837	13.7042
838	13.7025
839	14.1058
840	18.3394
841	17.6342
842	17.379
843	17.3665
844	34.6889
845	40.1414
846	40.0904
847	40.0124
848	38.0821
849	37.9003
850	37.6499
851	37.6466
852	37.5607
853	37.4108
854	36.9729
855	29.7568
856	29.5764
857	29.5382
858	29.2234
859	32.1949
860	33.0802
861	32.5832
862	31.9786
863	31.6815
864	31.5311
865	30.6771
866	29.4952
867	29.0387
868	28.0653
869	25.6872
870	25.6296
871	25.3003
872	23.8859
873	23.7587
874	23.656
875	23.6762
876	22.9022
877	22.7048
878	22.3147
879	21.5174
880	20.9837
881	18.5838
882	19.1284
883	19.1246
884	19.022
885	18.8535
886	18.51
887	18.3491
888	21.8108
889	21.7735
890	21.6271
891	21.2952
892	32.7777
893	30.7555
894	30.7476
895	29.2908
896	26.955
897	25.5091
898	25.2925
899	22.7524
900	22.2699
901	22.2706
902	22.2882
903	21.9241
904	21.8513
905	21.6636
906	21.6592
907	19.9316
908	22.9664
909	22.8673
910	22.8578
911	22.8196
912	21.4139
913	21.1648
914	20.8484
915	18.9388
916	17.5893
917	17.5607
918	17.5927
919	17.5386
920	16.1058
921	15.9494
922	13.6549
923	17.399
924	17.1864
925	17.1558
926	17.1434
927	17.1414
928	16.4091
929	16.3963
930	16.3925
931	15.214
932	15.1646
933	14.0455
934	15.0732
935	13.5184
936	14.0745
937	13.991
938	13.0894
939	19.0612
940	18.9857
941	18.9331
942	17.194
943	17.8157
944	16.5344
945	15.212
946	15.055
947	24.6735
948	23.8588
949	23.8539
950	23.7757
951	22.7276
952	22.7098
953	21.9371
954	19.6802
955	18.8658
956	18.8715
957	18.3697
958	18.0521
959	17.4563
960	18.3112
961	18.2468
962	18.0252
963	17.9773
964	17.4777
965	17.389
966	13.9273
967	13.9055
968	14.2659
969	13.7031
970	12.587
971	12.4331
972	12.4188
973	13.3965
974	13.3636
975	15.3939
976	15.0736
977	14.7675
978	14.6538
979	14.6307
980	14.4122
981	12.496
982	11.9547
983	11.7329
984	12.5925
985	12.5301
986	12.5478
987	12.5191
988	12.0209
989	12.0147
990	11.8598
991	13.142
992	13.1043
993	12.8481
994	12.5901
995	12.2437
996	12.2315
997	13.1234
998	12.8633
999	12.8429
1000	11.8433
