0	1.99459
1	2.06964
2	2.06556
3	1.97271
4	1.74365
5	1.52091
6	3.05965
7	12.8532
8	12.8532
9	10.065
10	10.3529
11	10.0611
12	10.0599
13	22.1627
14	22.1338
15	21.8023
16	21.738
17	21.0723
18	21.0013
19	16.1594
20	14.5745
21	14.548
22	15.8863
23	15.5232
24	15.5194
25	15.5147
26	15.5129
27	15.5049
28	16.5308
29	16.1942
30	16.1274
31	16.1193
32	16.0483
33	16.212
34	16.1478
35	16.1263
36	16.2894
37	16.2543
38	15.9927
39	15.9926
40	16.3445
41	15.7035
42	16.1531
43	16.1433
44	16.1433
45	16.8605
46	16.8605
47	16.8597
48	16.7979
49	16.8001
50	16.7984
51	39.0483
52	38.7946
53	38.7871
54	38.7724
55	45.6032
56	45.6019
57	44.7082
58	44.648
59	44.6475
60	44.6475
61	44.3551
62	44.3551
63	44.3551
64	35.2535
65	34.9256
66	34.8036
67	34.533
68	34.4503
69	33.6795
70	33.6794
71	33.6504
72	33.6502
73	33.6182
74	33.2758
75	32.8691
76	32.869
77	33.4357
78	33.4344
79	33.3013
80	33.1082
81	33.1082
82	32.639
83	32.3743
84	31.7391
85	31.3879
86	31.1796
87	31.1795
88	31.2342
89	31.2337
90	31.2094
91	31.1973
92	31.1969
93	30.7355
94	30.7054
95	30.7054
96	30.7016
97	29.2876
98	30.5184
99	30.8766
100	30.8043
101	30.804
102	30.8022
103	30.7963
104	30.3241
105	30.3083
106	30.3055
107	29.5805
108	28.7965
109	28.6988
110	28.6911
111	28.5499
112	27.9768
113	27.9705
114	27.9702
115	27.931
116	27.9292
117	25.9678
118	25.9678
119	25.913
120	25.9127
121	25.8883
122	25.8803
123	25.8668
124	25.8519
125	30.5404
126	30.5085
127	28.2534
128	27.9455
129	27.554
130	27.554
131	27.3226
132	27.2677
133	27.2631
134	27.2174
135	27.2164
136	27.028
137	27.0153
138	27.0153
139	26.8092
140	26.7459
141	26.7458
142	26.7424
143	26.7212
144	26.7134
145	26.7006
146	26.7004
147	26.7003
148	26.5986
149	26.3906
150	26.2905
151	26.3082
152	26.3041
153	24.7085
154	24.7085
155	23.5763
156	23.5751
157	23.5936
158	23.5622
159	23.3588
160	23.3561
161	23.3381
162	23.3381
163	24.3325
164	24.3324
165	24.2758
166	23.9695
167	23.9695
168	23.965
169	23.9605
170	23.9522
171	23.9516
172	23.9482
173	23.8791
174	23.8275
175	23.5114
176	23.5094
177	23.6152
178	23.6152
179	23.6048
180	23.6022
181	27.9312
182	27.931
183	27.8207
184	27.8097
185	27.8091
186	27.7103
187	29.5581
188	31.3
189	30.3041
190	33.0923
191	32.9397
192	32.9305
193	32.8628
194	32.8618
195	32.838
196	32.8246
197	32.8232
198	32.821
199	32.8191
200	33.1033
201	32.726
202	32.7209
203	32.7204
204	32.0876
205	32.0755
206	32.0685
207	31.963
208	31.9628
209	31.9591
210	31.9349
211	31.9349
212	60.0965
213	60.0965
214	58.3281
215	58.271
216	58.2423
217	50.6467
218	50.4723
219	50.3735
220	50.2872
221	49.5989
222	49.5968
223	49.5965
224	48.8136
225	48.5572
226	48.3842
227	48.3726
228	48.0235
229	62.0145
230	62.0141
231	62.0141
232	62.0137
233	61.1232
234	60.6788
235	60.6009
236	60.6006
237	57.6314
238	57.5627
239	57.5626
240	57.5024
241	57.5003
242	57.3092
243	58.4999
244	58.4999
245	58.4902
246	57.8873
247	57.8233
248	57.6606
249	57.6606
250	57.659
251	57.5988
252	57.4136
253	57.4135
254	57.3447
255	61.7344
256	61.733
257	56.5531
258	56.4418
259	56.4315
260	56.2437
261	56.2298
262	55.3153
263	55.2504
264	55.2502
265	55.4905
266	55.4896
267	55.3805
268	58.9867
269	58.6884
270	58.5982
271	58.5598
272	58.4391
273	57.5427
274	58.1583
275	57.8649
276	57.0458
277	57.0452
278	56.596
279	56.4856
280	56.4825
281	56.4773
282	56.4667
283	56.4589
284	56.4896
285	55.4828
286	55.4721
287	55.4656
288	55.4408
289	55.4812
290	55.3847
291	55.0762
292	55.0755
293	55.0755
294	54.7862
295	54.7804
296	54.7616
297	54.6891
298	54.6889
299	53.4847
300	55.3732
301	55.2494
302	55.2494
303	52.0158
304	51.8882
305	51.8882
306	50.8606
307	50.8577
308	50.2165
309	49.5197
310	49.2153
311	48.0908
312	47.9481
313	47.9438
314	47.9193
315	47.9016
316	47.8879
317	47.8814
318	47.843
319	47.843
320	47.703
321	47.7029
322	47.0427
323	46.2096
324	46.2096
325	46.1885
326	46.1107
327	46.003
328	46.9921
329	46.9915
330	46.8436
331	46.204
332	46.2017
333	46.1759
334	45.6093
335	44.916
336	44.9824
337	44.9751
338	44.397
339	44.397
340	44.0538
341	43.9788
342	43.9788
343	43.8996
344	43.4484
345	43.4478
346	46.8355
347	46.7705
348	46.77
349	46.0179
350	46.0171
351	45.9913
352	45.9416
353	45.9414
354	45.94
355	43.1804
356	43.1803
357	42.8193
358	42.7994
359	42.7994
360	42.7985
361	42.3838
362	43.8525
363	43.83
364	43.7087
365	43.3973
366	43.3796
367	43.4163
368	43.368
369	44.0907
370	44.0907
371	43.7324
372	42.584
373	42.529
374	42.4962
375	42.4626
376	41.4248
377	41.3618
378	40.5616
379	40.5563
380	40.3373
381	48.5038
382	44.0891
383	44.0016
384	47.2525
385	46.9063
386	47.0693
387	46.6116
388	46.5304
389	47.5772
390	50.2615
391	49.4595
392	49.44
393	48.2417
394	50.5785
395	50.5574
396	50.5378
397	50.5373
398	53.0716
399	53.0695
400	53.0695
401	53.2892
402	50.6024
403	50.6023
404	50.5807
405	49.9146
406	48.8651
407	48.8472
408	47.096
409	47.0822
410	46.4208
411	46.2331
412	46.2329
413	46.2245
414	45.4725
415	45.4595
416	45.455
417	45.2839
418	45.2808
419	45.2543
420	45.1194
421	45.0385
422	45.0334
423	52.253
424	52.2006
425	50.978
426	50.9777
427	47.9565
428	48.2295
429	48.2247
430	48.2156
431	48.1473
432	47.0986
433	47.0981
434	47.094
435	47.5612
436	47.5611
437	47.5514
438	47.2416
439	47.1302
440	46.3544
441	46.1086
442	44.5272
443	44.3387
444	44.3376
445	44.1813
446	43.9817
447	44.0123
448	43.9873
449	42.9439
450	43.6897
451	43.6889
452	43.6558
453	43.5342
454	42.8768
455	44.2242
456	45.3553
457	45.3177
458	45.0601
459	45.1217
460	45.1213
461	45.1159
462	44.9739
463	44.5762
464	44.5762
465	44.56
466	44.5593
467	44.5593
468	43.6636
469	44.1918
470	44.1254
471	44.1251
472	44.1241
473	43.8404
474	44.5595
475	44.5221
476	44.5188
477	44.0319
478	44.027
479	44.0128
480	43.2917
481	43.2647
482	41.9124
483	41.8712
484	41.8596
485	41.524
486	41.4634
487	41.463
488	41.4661
489	42.2579
490	42.2471
491	42.1497
492	42.1092
493	42.0966
494	42.0861
495	41.3562
496	41.1489
497	41.0383
498	40.9956
499	40.2718
500	40.2663
501	39.1729
502	38.8027
503	38.7948
504	38.7948
505	38.5376
506	37.6222
507	37.1229
508	36.7355
509	36.5952
510	38.8704
511	38.8702
512	38.8691
513	38.7892
514	45.4473
515	39.9076
516	39.7769
517	39.7379
518	39.6298
519	39.6264
520	39.4686
521	39.3874
522	39.2011
523	39.201
524	39.201
525	39.2009
526	38.8027
527	38.7937
528	38.3055
529	38.2854
530	38.2988
531	36.5725
532	36.5637
533	36.667
534	36.6667
535	36.3522
536	45.4475
537	45.4443
538	45.4126
539	45.4042
540	45.3344
541	45.3323
542	42.1077
543	42.1398
544	40.672
545	39.7196
546	39.7193
547	39.7193
548	39.6861
549	46.8278
550	46.7047
551	57.869
552	57.8756
553	57.8719
554	57.1711
555	57.1701
556	57.1146
557	55.0971
558	52.6872
559	52.415
560	50.6958
561	50.6883
562	50.3199
563	50.3086
564	50.137
565	50.1363
566	50.1362
567	49.568
568	49.5511
569	49.5083
570	46.0395
571	44.348
572	43.0624
573	42.9276
574	42.9276
575	42.5385
576	42.4266
577	42.2454
578	42.2439
579	42.1207
580	42.1204
581	42.1199
582	42.0064
583	41.9862
584	41.9606
585	41.3952
586	41.5563
587	41.5525
588	41.5335
589	41.5153
590	41.8273
591	41.5429
592	41.5396
593	41.5383
594	40.902
595	39.2602
596	39.2449
597	39.233
598	38.8274
599	38.8252
600	37.9996
601	37.8213
602	36.1576
603	36.155
604	36.155
605	35.9163
606	35.9111
607	34.9531
608	34.8741
609	34.9021
610	34.6721
611	34.6721
612	34.2665
613	34.1307
614	34.1301
615	34.116
616	34.114
617	33.5266
618	33.4834
619	33.4833
620	33.3062
621	33.3046
622	33.3046
623	33.2931
624	33.285
625	33.2842
626	31.7967
627	31.6409
628	31.6395
629	31.3723
630	31.3723
631	31.356
632	31.356
633	30.3978
634	31.5615
635	31.5611
636	31.5603
637	31.4942
638	31.4939
639	32.98
640	32.915
641	29.788
642	30.9736
643	30.9702
644	30.6227
645	30.4926
646	30.3534
647	30.3047
648	30.2455
649	30.2241
650	30.2065
651	30.1952
652	29.4028
653	29.2665
654	29.0702
655	29.0058
656	29.0055
657	29.0055
658	28.91
659	28.9092
660	28.3292
661	28.3284
662	28.2864
663	28.2679
664	27.4748
665	27.4743
666	27.4853
667	27.485
668	27.4612
669	27.2898
670	26.7943
671	26.7189
672	27.5126
673	27.4609
674	27.3782
675	27.3757
676	27.3284
677	26.7389
678	26.6064
679	26.6039
680	26.5013
681	26.5011
682	26.4806
683	26.4407
684	25.9491
685	25.9491
686	25.8368
687	25.4417
688	25.3073
689	25.2509
690	25.3011
691	25.2493
692	25.2175
693	25.2147
694	25.0104
695	25.0079
696	24.9085
697	24.9085
698	24.8948
699	24.704
700	24.6991
701	27.3464
702	26.3358
703	26.3356
704	26.3081
705	26.3081
706	26.2496
707	26.2328
708	26.1115
709	26.1093
710	26.1045
711	26.1023
712	26.1019
713	25.4537
714	32.8937
715	32.7365
716	32.0888
717	31.7507
718	30.1569
719	30.104
720	30.0631
721	30.0622
722	30.0621
723	30.0137
724	30.0074
725	28.7425
726	28.7424
727	28.3181
728	28.31
729	35.0107
730	35.0102
731	34.9284
732	34.1956
733	37.874
734	37.8693
735	37.8164
736	37.7485
737	37.747
738	37.7454
739	34.214
740	33.5911
741	33.4733
742	33.2205
743	32.5923
744	32.5845
745	32.3285
746	32.3279
747	32.3279
748	32.3247
749	32.2668
750	32.12
751	31.0898
752	31.0893
753	32.0569
754	32.0545
755	32.0536
756	32.0508
757	32.0165
758	31.426
759	31.4139
760	31.4431
761	31.4431
762	31.2235
763	31.1826
764	47.9055
765	47.9054
766	47.8877
767	47.8876
768	47.8579
769	47.8572
770	47.5858
771	47.5859
772	47.5829
773	35.9976
774	35.9507
775	35.8853
776	35.8853
777	35.8592
778	35.8549
779	35.7055
780	35.7055
781	35.6453
782	35.5552
783	35.5395
784	35.6744
785	36.071
786	35.998
787	37.1541
788	37.1505
789	37.1481
790	37.1458
791	37.1458
792	36.9947
793	36.6378
794	35.9723
795	35.4038
796	35.4038
797	35.3542
798	35.3311
799	35.3309
800	35.3307
801	35.3244
802	35.3243
803	35.2997
804	35.2893
805	35.2792
806	35.0038
807	34.2328
808	37.2636
809	37.2198
810	37.2197
811	37.0257
812	36.9827
813	36.9816
814	36.6949
815	35.2854
816	35.2767
817	35.2767
818	35.2511
819	33.3653
820	33.3673
821	32.9402
822	41.1261
823	41.1257
824	40.9566
825	40.9554
826	40.9537
827	40.8369
828	38.6598
829	38.6401
830	37.0308
831	36.8759
832	36.8726
833	36.8655
834	36.8655
835	36.8547
836	36.8547
837	36.8369
838	36.8369
839	38.3801
840	35.5433
841	35.3927
842	35.3603
843	35.3586
844	34.7561
845	34.7127
846	34.7031
847	34.4313
848	37.7327
849	37.6685
850	37.6409
851	37.6409
852	37.6375
853	41.9001
854	40.9595
855	39.8493
856	39.2236
857	39.2185
858	39.218
859	39.2153
860	36.817
861	36.8052
862	36.8019
863	36.8018
864	36.799
865	36.496
866	36.4866
867	36.4578
868	37.4109
869	37.1645
870	37.0197
871	37
872	36.1333
873	36.1304
874	36.118
875	36.1065
876	36.1456
877	36.1385
878	36.1257
879	35.9341
880	35.8516
881	35.4987
882	35.1424
883	35.1424
884	35.0684
885	35.025
886	34.7755
887	34.7539
888	38.975
889	38.9741
890	38.974
891	38.2964
892	44.3873
893	44.387
894	44.2783
895	43.6732
896	41.7638
897	41.725
898	41.5649
899	40.9153
900	40.6662
901	40.3773
902	39.8966
903	39.8484
904	39.8419
905	39.8059
906	39.8059
907	39.0782
908	37.2597
909	37.2411
910	37.2247
911	37.2247
912	37.1987
913	37.3429
914	37.315
915	36.5138
916	36.4825
917	36.4823
918	36.3915
919	36.386
920	36.332
921	36.2685
922	35.8906
923	36.7605
924	36.7353
925	36.7274
926	36.7274
927	36.5187
928	36.4433
929	36.4403
930	36.4403
931	36.4261
932	36.4163
933	36.204
934	36.1863
935	36.1747
936	36.3765
937	36.369
938	35.8689
939	51.0251
940	51.0239
941	51.0239
942	47.4827
943	47.225
944	47.1018
945	47.1018
946	46.848
947	46.8154
948	46.7761
949	46.7757
950	46.7741
951	46.739
952	45.3104
953	45.2524
954	45.2461
955	45.2429
956	45.2324
957	45.1047
958	44.6718
959	44.5931
960	44.6806
961	48.6478
962	48.6188
963	48.6104
964	48.608
965	48.4432
966	43.3039
967	43.3039
968	43.2227
969	43.1586
970	42.9916
971	45.0479
972	45.0479
973	44.1313
974	44.1121
975	51.0651
976	50.6244
977	50.6086
978	50.5872
979	50.5741
980	50.4719
981	50.0711
982	49.8852
983	49.4172
984	49.2884
985	49.2884
986	47.1505
987	47.146
988	46.5514
989	46.5507
990	46.4291
991	46.415
992	46.3728
993	45.8758
994	45.7879
995	45.7564
996	45.7562
997	47.1959
998	45.5984
999	45.5984
1000	45.1761
