0	2.85328
1	2.84357
2	3.0963
3	3.06484
4	2.92075
5	5.52866
6	11.6591
7	13.2968
8	10.5154
9	10.5009
10	9.95956
11	9.61826
12	9.59971
13	9.58592
14	12.0795
15	11.9299
16	11.8538
17	11.8488
18	11.2115
19	10.8549
20	9.84763
21	9.84753
22	9.75473
23	9.6305
24	9.596
25	9.25093
26	9.21465
27	9.40289
28	9.35826
29	8.63403
30	8.48623
31	8.41776
32	8.12428
33	8.00925
34	8.04794
35	8.02215
36	7.81475
37	7.7806
38	7.80476
39	7.61254
40	7.30245
41	6.79664
42	6.76914
43	6.75997
44	6.76993
45	6.66116
46	6.25926
47	5.65836
48	5.65805
49	5.64283
50	5.63799
51	5.49683
52	5.45591
53	4.94368
54	4.80176
55	4.78949
56	4.78917
57	4.78709
58	4.7722
59	4.62571
60	4.71424
61	4.60042
62	4.51545
63	4.55035
64	4.87681
65	4.81627
66	4.79701
67	4.71588
68	4.66088
69	4.49465
70	4.46678
71	4.4371
72	4.30937
73	4.30094
74	4.31124
75	4.30504
76	4.29777
77	4.29582
78	4.24569
79	4.24111
80	4.22742
81	4.27065
82	4.25957
83	4.23916
84	3.98238
85	3.95331
86	3.80252
87	3.7901
88	3.79391
89	3.78069
90	3.64065
91	3.60696
92	3.59987
93	3.59396
94	3.58409
95	3.58349
96	3.58023
97	3.56906
98	3.49373
99	3.46214
100	3.56866
101	3.50434
102	5.40313
103	5.06315
104	5.14259
105	4.61058
106	5.93586
107	5.9353
108	5.67405
109	5.56825
110	5.70181
111	5.67993
112	5.61364
113	12.5618
114	12.5542
115	12.3817
116	12.3615
117	12.3598
118	12.3546
119	12.3405
120	26.0514
121	26.0098
122	24.88
123	24.8724
124	24.8722
125	35.638
126	35.6157
127	32.3964
128	32.2614
129	24.3914
130	24.6972
131	24.6412
132	23.7723
133	23.7776
134	23.6221
135	23.344
136	23.0508
137	22.8107
138	22.5826
139	22.7421
140	22.6528
141	22.6019
142	22.553
143	22.5393
144	24.775
145	24.7595
146	24.6976
147	28.8134
148	28.7998
149	28.4937
150	28.4958
151	28.4948
152	28.4815
153	28.2926
154	34.8295
155	34.8098
156	33.6785
157	33.4999
158	33.427
159	32.8047
160	31.6949
161	31.6895
162	31.5733
163	31.5376
164	31.5318
165	30.5077
166	31.1131
167	31.088
168	30.9711
169	30.4268
170	30.4211
171	34.489
172	33.5178
173	33.1591
174	33.0949
175	32.8599
176	32.3869
177	32.2642
178	31.021
179	31.1227
180	30.671
181	29.9626
182	28.7555
183	28.6748
184	28.6736
185	28.6724
186	28.6722
187	27.648
188	27.6597
189	27.629
190	27.5489
191	27.3971
192	26.5464
193	25.8271
194	25.6628
195	25.6182
196	24.9059
197	24.7175
198	23.9884
199	23.4914
200	23.2506
201	22.5276
202	22.0543
203	21.4833
204	21.3471
205	21.1224
206	21.1223
207	20.8156
208	21.1657
209	20.986
210	20.7756
211	20.7572
212	19.6122
213	19.5427
214	19.5223
215	19.4094
216	19.3799
217	19.2587
218	19.8039
219	18.6326
220	18.631
221	18.6294
222	18.7715
223	18.3256
224	14.6884
225	14.6554
226	14.8323
227	14.6871
228	14.6514
229	14.6177
230	14.6002
231	19.921
232	20.0042
233	21.4916
234	18.9556
235	18.9499
236	20.7561
237	20.2025
238	19.1813
239	19.1784
240	18.3182
241	18.0504
242	16.0463
243	14.5757
244	14.5589
245	13.8876
246	13.4236
247	13.5142
248	13.3649
249	13.3329
250	13.3024
251	12.1643
252	12.8745
253	12.7315
254	12.5361
255	11.9561
256	12.0122
257	12.2676
258	11.9774
259	11.9772
260	11.8958
261	11.8957
262	11.8895
263	11.8794
264	11.7609
265	11.6926
266	11.684
267	11.6503
268	11.1061
269	11.0951
270	11.0801
271	11.0549
272	11.0361
273	11.0268
274	11.1465
275	10.777
276	10.7847
277	10.6881
278	10.6498
279	10.6411
280	10.6147
281	10.4484
282	10.4303
283	10.4297
284	10.2032
285	10.166
286	9.94946
287	9.8475
288	9.75741
289	9.05271
290	9.03108
291	8.96616
292	8.852
293	8.85154
294	8.89929
295	8.89743
296	8.88721
297	8.64663
298	9.38423
299	8.58024
300	8.56223
301	8.53704
302	8.53158
303	8.41314
304	8.23005
305	7.27562
306	7.24185
307	6.90481
308	6.86664
309	6.56399
310	6.4404
311	6.43426
312	6.43334
313	6.37319
314	10.7365
315	10.7394
316	10.7268
317	10.5349
318	10.4274
319	10.4222
320	10.4192
321	12.2033
322	12.097
323	12.0796
324	12.0795
325	12.0725
326	17.4073
327	17.3337
328	17.3195
329	18.2818
330	17.9647
331	17.9026
332	17.8788
333	17.0563
334	17.0011
335	16.9558
336	16.7931
337	16.5199
338	16.5111
339	15.0654
340	15.0633
341	15.0644
342	14.8747
343	14.6541
344	14.5919
345	14.5485
346	14.4778
347	14.1148
348	13.724
349	13.7238
350	13.7172
351	13.1682
352	13.0679
353	13.0498
354	12.9683
355	12.8216
356	12.704
357	12.7
358	11.0414
359	10.9831
360	10.9306
361	10.5733
362	9.50275
363	9.4966
364	9.48507
365	9.11974
366	8.31201
367	7.80245
368	7.67805
369	7.35166
370	7.24224
371	7.22547
372	7.19276
373	7.13576
374	6.96969
375	6.98551
376	6.58792
377	6.21108
378	5.92252
379	5.77663
380	5.73064
381	5.69702
382	5.27158
383	5.26358
384	5.23856
385	5.12009
386	4.97879
387	4.85536
388	4.77946
389	4.77372
390	4.76444
391	4.64986
392	4.10227
393	4.06553
394	4.01646
395	3.88268
396	3.88438
397	3.86126
398	3.69165
399	3.68823
400	3.52703
401	3.50646
402	3.49886
403	3.47416
404	3.46991
405	3.63447
406	3.48059
407	3.4663
408	3.44147
409	3.07649
410	2.89632
411	2.8833
412	2.84141
413	2.83564
414	2.83317
415	2.83835
416	2.55316
417	2.49499
418	2.4532
419	2.40418
420	2.40365
421	2.39047
422	2.31168
423	2.27234
424	2.238
425	2.29267
426	2.29198
427	2.28869
428	2.28683
429	2.17962
430	2.18756
431	2.16964
432	3.46259
433	3.40854
434	3.51906
435	3.50662
436	2.94997
437	2.49266
438	2.4899
439	3.82949
440	3.65269
441	2.86829
442	2.85664
443	2.85575
444	1.91491
445	1.90762
446	1.85663
447	1.7894
448	1.80455
449	1.70499
450	1.69033
451	1.66971
452	1.66946
453	1.66868
454	1.66866
455	1.66783
456	2.19467
457	2.14419
458	2.14482
459	2.16815
460	2.00428
461	1.83858
462	1.84064
463	1.84036
464	1.8284
465	1.67436
466	1.41028
467	1.93783
468	1.9176
469	1.91419
470	1.91317
471	1.91558
472	1.90104
473	1.90102
474	1.89633
475	1.89392
476	1.89354
477	1.89345
478	1.89046
479	1.85121
480	1.69422
481	1.40639
482	1.37763
483	3.54279
484	3.53639
485	3.41294
486	3.22052
487	3.21773
488	2.95833
489	2.9583
490	2.88523
491	1.80218
492	1.73064
493	1.7102
494	1.70958
495	1.80864
496	1.77118
497	1.77005
498	2.0769
499	2.06412
500	1.94368
501	1.94467
502	1.93217
503	1.92406
504	1.91576
505	1.91567
506	2.17652
507	2.17636
508	2.16786
509	2.09097
510	2.5548
511	2.48659
512	2.48658
513	3.13879
514	3.11879
515	2.65097
516	2.43786
517	4.39344
518	3.77162
519	4.25341
520	4.44481
521	4.43195
522	4.42969
523	4.81325
524	4.64748
525	6.63297
526	6.61757
527	6.64752
528	6.38345
529	6.38327
530	6.25608
531	6.23176
532	6.10527
533	7.3462
534	7.32346
535	7.26033
536	7.24909
537	7.24562
538	7.15087
539	7.12135
540	7.12026
541	7.10759
542	7.09902
543	7.05607
544	5.37456
545	4.92511
546	4.90888
547	4.80427
548	4.80411
549	4.07012
550	5.18015
551	5.18004
552	4.5785
553	4.52375
554	4.42899
555	10.5523
556	10.461
557	11.1018
558	11.0122
559	10.0319
560	10.0284
561	10.4917
562	10.4105
563	11.2909
564	11.0304
565	11.0085
566	10.867
567	7.74678
568	7.42394
569	7.38737
570	7.344
571	18.5535
572	18.1147
573	17.0593
574	17.5145
575	16.0378
576	16.0092
577	15.9657
578	18.0829
579	18.487
580	16.8248
581	16.1745
582	16.0007
583	15.8999
584	15.8984
585	15.8716
586	15.8624
587	16.8516
588	16.8366
589	15.2814
590	14.4307
591	14.8307
592	14.7914
593	14.7877
594	14.7838
595	14.7812
596	14.4705
597	14.4438
598	14.1175
599	14.1117
600	14.103
601	14.0912
602	13.9159
603	13.6534
604	13.6522
605	13.5928
606	13.0178
607	12.8813
608	14.5169
609	14.5038
610	14.2983
611	14.2962
612	14.2194
613	14.1692
614	13.9884
615	13.6646
616	13.5573
617	15.1372
618	15.0665
619	15.0425
620	15.2321
621	15.1787
622	15.1349
623	15.0995
624	15.0817
625	15.0605
626	15.0477
627	15.0184
628	15.0033
629	14.7243
630	14.713
631	14.6633
632	14.4979
633	14.4768
634	14.4044
635	13.3226
636	13.2349
637	11.8321
638	11.805
639	11.4673
640	11.7489
641	11.4193
642	9.8411
643	9.70987
644	9.69627
645	9.07383
646	8.97654
647	8.84605
648	8.80805
649	8.8033
650	8.77999
651	8.60356
652	8.46902
653	8.09348
654	8.09221
655	8.07548
656	7.99214
657	8.65867
658	8.65639
659	8.65556
660	8.6
661	8.47429
662	8.35948
663	8.34234
664	8.27867
665	7.99947
666	7.76372
667	9.20386
668	9.09647
669	9.09398
670	9.08755
671	9.06862
672	8.93165
673	8.92239
674	8.86646
675	12.5111
676	12.5052
677	12.4645
678	12.3396
679	10.0875
680	10.0874
681	10.0008
682	9.99828
683	11.6694
684	11.8667
685	10.5647
686	10.5514
687	11.1521
688	11.0292
689	11.0254
690	11.0208
691	11.0247
692	11.1329
693	11.1327
694	11.0366
695	10.7993
696	10.6467
697	10.5598
698	10.5593
699	10.5408
700	10.1855
701	10.1065
702	10.0647
703	9.90511
704	9.38631
705	9.03333
706	8.93302
707	8.70592
708	8.23928
709	8.85324
710	10.162
711	10.1579
712	9.64673
713	9.39972
714	9.79257
715	10.6794
716	10.6609
717	10.6544
718	10.1992
719	10.1188
720	8.22599
721	8.05341
722	8.76443
723	8.7476
724	8.74339
725	8.64539
726	8.58445
727	8.54038
728	8.80249
729	8.85791
730	8.37051
731	8.29167
732	7.97819
733	7.50953
734	7.49834
735	7.33316
736	7.33079
737	7.28058
738	7.28057
739	7.26757
740	7.62598
741	7.57014
742	7.49225
743	7.32312
744	7.28015
745	7.15894
746	7.1548
747	6.98382
748	6.9431
749	14.589
750	13.2231
751	13.2044
752	13.1505
753	13.1504
754	10.3471
755	12.2998
756	12.2572
757	12.257
758	12.4228
759	12.3746
760	12.3518
761	12.3475
762	11.8363
763	11.0787
764	10.8177
765	10.7685
766	10.6861
767	10.7676
768	9.9016
769	9.80711
770	9.80691
771	9.51404
772	9.42163
773	9.42084
774	9.07752
775	9.07011
776	9.04084
777	9.02654
778	11.0154
779	10.5333
780	10.5176
781	10.5145
782	10.3063
783	9.98017
784	9.93861
785	9.67136
786	8.671
787	8.67096
788	8.52196
789	8.51503
790	8.40507
791	8.93134
792	8.87935
793	8.8515
794	8.84871
795	8.64859
796	8.64068
797	8.7216
798	8.63656
799	8.63608
800	8.62679
801	8.57426
802	8.57374
803	13.7558
804	13.751
805	12.2378
806	12.19
807	24.5452
808	24.1485
809	24.1021
810	23.2182
811	21.4494
812	21.4002
813	21.2326
814	20.6775
815	20.7088
816	21.9255
817	25.3775
818	25.3337
819	25.3329
820	24.3109
821	24.2985
822	24.2567
823	28.8212
824	28.8203
825	28.7958
826	28.7127
827	28.0439
828	29.4903
829	29.2545
830	35.4703
831	35.7434
832	35.7432
833	35.7441
834	35.7174
835	35.3822
836	35.1461
837	35.1164
838	34.5672
839	34.7572
840	34.4683
841	32.4491
842	32.2057
843	32.2025
844	32.2112
845	32.0787
846	31.618
847	33.9632
848	33.9459
849	34.9687
850	37.7677
851	37.7591
852	37.6238
853	37.625
854	37.1997
855	36.9021
856	36.7625
857	36.7624
858	36.4784
859	35.236
860	33.3954
861	33.3951
862	33.2866
863	33.2251
864	33.3027
865	32.0549
866	32.0033
867	31.0071
868	30.8493
869	29.6582
870	29.6429
871	29.6411
872	29.1105
873	29.0444
874	35.0846
875	34.4894
876	34.4866
877	34.0395
878	34.1262
879	33.917
880	33.8312
881	33.8213
882	33.8133
883	33.2684
884	37.5584
885	37.3172
886	37.0904
887	37.0903
888	37.0873
889	36.9683
890	36.5636
891	36.5574
892	37.1362
893	37.9329
894	37.9316
895	36.638
896	36.4128
897	36.0608
898	35.6556
899	35.1692
900	33.4631
901	34.7308
902	34.6097
903	34.3827
904	34.3906
905	34.1547
906	33.1936
907	33.1652
908	33.0174
909	32.9531
910	31.8005
911	31.4102
912	31.1699
913	31.0966
914	31.1068
915	31.1039
916	41.861
917	41.861
918	41.8507
919	38.576
920	40.1519
921	40.0612
922	38.2483
923	37.9333
924	38.1532
925	39.2408
926	39.2401
927	39.1387
928	39.4438
929	39.1876
930	39.1776
931	38.25
932	35.7873
933	35.7176
934	35.9638
935	35.5225
936	36.081
937	33.8649
938	32.599
939	38.2819
940	38.1368
941	35.2494
942	36.0862
943	35.9952
944	35.9116
945	34.247
946	32.5772
947	31.7917
948	31.5889
949	31.4138
950	30.6213
951	30.6208
952	30.6127
953	30.6088
954	30.3539
955	30.2954
956	29.971
957	30.8393
958	31.0818
959	30.1101
960	29.8845
961	29.841
962	29.7524
963	29.7136
964	29.6908
965	29.3919
966	29.2852
967	28.9012
968	28.7915
969	28.5153
970	28.1364
971	27.5863
972	27.6064
973	27.5292
974	27.4665
975	27.4632
976	27.4592
977	27.1693
978	27.1537
979	27.5117
980	27.4738
981	27.5001
982	27.4998
983	27.4198
984	26.8233
985	26.3053
986	25.9153
987	34.7779
988	33.8013
989	33.759
990	33.6229
991	33.152
992	33.1181
993	33.0192
994	34.9266
995	34.6875
996	33.8671
997	33.6767
998	31.3271
999	31.343
1000	31.382
