0	2.85328
1	3.06376
2	3.00144
3	2.97594
4	2.46825
5	3.48945
6	4.0015
7	3.84707
8	3.8469
9	3.81013
10	3.80777
11	2.9577
12	2.84732
13	2.84552
14	2.81004
15	2.8099
16	2.57766
17	3.12411
18	2.05565
19	2.02721
20	1.94914
21	1.94715
22	1.2024
23	1.19872
24	0.826001
25	0.810651
26	0.79976
27	0.799758
28	0.799752
29	0.710943
30	0.669225
31	0.656191
32	0.64953
33	1.40065
34	1.24416
35	1.24329
36	1.30928
37	1.33503
38	1.33456
39	1.33172
40	1.33169
41	1.08575
42	0.943971
43	0.941171
44	0.940767
45	0.852679
46	0.851955
47	0.850304
48	0.883659
49	0.585359
50	0.560898
51	0.562756
52	0.493855
53	0.487416
54	0.511987
55	0.511431
56	0.509207
57	0.486181
58	0.468141
59	0.630163
60	0.627131
61	0.608912
62	0.474767
63	0.453558
64	0.489832
65	0.486965
66	0.474027
67	0.456395
68	0.447176
69	0.445236
70	0.392128
71	0.380416
72	0.389045
73	0.387861
74	0.361193
75	0.31665
76	0.30318
77	0.294807
78	0.301095
79	0.296585
80	0.290313
81	0.220377
82	0.179677
83	0.172548
84	0.149451
85	0.149443
86	0.147611
87	0.162054
88	0.152408
89	0.136193
90	0.136073
91	0.135862
92	0.133658
93	0.133477
94	0.134191
95	0.134114
96	0.12252
97	0.121218
98	0.121021
99	0.119138
100	0.121489
101	0.112305
102	0.108663
103	0.09389
104	0.0927034
105	0.0894955
106	0.089031
107	0.0889666
108	0.0889636
109	0.0866384
110	0.0804412
111	0.0851337
112	0.0815491
113	0.076917
114	0.0767158
115	0.0750391
116	0.075037
117	0.0670222
118	0.0628955
119	0.0575957
120	0.0504453
121	0.05023
122	0.0479281
123	0.0393712
124	0.0389462
125	0.0379802
126	0.0326997
127	0.0314262
128	0.0467736
129	0.0510773
130	0.0456515
131	0.0455881
132	0.0419484
133	0.0394631
134	0.039494
135	0.0392749
136	0.0281252
137	0.0281019
138	0.0277516
139	0.0307711
140	0.0268165
141	0.0202973
142	0.0197395
143	0.0185411
144	0.0165003
145	0.0165813
146	0.0164979
147	0.016493
148	0.0164664
149	0.0160523
150	0.0145119
151	0.0113694
152	0.0113531
153	0.0113521
154	0.0156534
155	0.0153431
156	0.015327
157	0.0153185
158	0.0144435
159	0.0146685
160	0.0155794
161	0.0154721
162	0.015286
163	0.0152625
164	0.0152535
165	0.0150215
166	0.0148565
167	0.014843
168	0.014843
169	0.0147217
170	0.0145325
171	0.0110768
172	0.0108567
173	0.00929123
174	0.00890423
175	0.00858738
176	0.00859394
177	0.00798396
178	0.00794434
179	0.00674951
180	0.00674013
181	0.00670954
182	0.00913982
183	0.00911338
184	0.0155772
185	0.0154479
186	0.0150916
187	0.014694
188	0.0114391
189	0.0114218
190	0.00823372
191	0.0106926
192	0.00779935
193	0.00762004
194	0.00761088
195	0.00580085
196	0.00437288
197	0.00860011
198	0.00877088
199	0.0153274
200	0.0292713
201	0.0286671
202	0.0599891
203	0.0232019
204	0.0209739
205	0.0208864
206	0.0156027
207	0.0140923
208	0.0138713
209	0.0138284
210	0.0133562
211	0.0132984
212	0.0132604
213	0.0108641
214	0.0107578
215	0.0107384
216	0.0106878
217	0.0105754
218	0.0187012
219	0.0186828
220	0.0186665
221	0.0158515
222	0.0158532
223	0.0158398
224	0.0158258
225	0.00876619
226	0.0169899
227	0.016438
228	0.0129
229	0.0108148
230	0.00981513
231	0.00977879
232	0.00974501
233	0.00942931
234	0.00484893
235	0.00362367
236	0.00351223
237	0.00426322
238	0.00400495
239	0.00400438
240	0.00394044
241	0.00409987
242	0.00398115
243	0.0128591
244	0.0151307
245	0.0147637
246	0.0140854
247	0.0140484
248	0.013775
249	0.0137464
250	0.0139904
251	0.0139904
252	0.0138929
253	0.0137568
254	0.0112308
255	0.0112296
256	0.0220865
257	0.0194756
258	0.0162605
259	0.0162599
260	0.0166916
261	0.011328
262	0.0111815
263	0.0133861
264	0.0126474
265	0.0124389
266	0.0105326
267	0.00749863
268	0.00707381
269	0.00590994
270	0.00590848
271	0.00590714
272	0.00589973
273	0.00476447
274	0.00264721
275	0.00259639
276	0.002273
277	0.00224574
278	0.00237584
279	0.00129589
280	0.00197776
281	0.00178761
282	0.00177928
283	0.00162095
284	0.00141838
285	0.00139011
286	0.00139012
287	0.000924292
288	0.000624283
289	0.000620824
290	0.000609446
291	0.000652918
292	0.000568904
293	0.000477817
294	0.000423499
295	0.000589195
296	0.000481647
297	0.000481202
298	0.000450898
299	0.000444719
300	0.000331721
301	0.000933167
302	0.000959029
303	0.000688155
304	0.000685542
305	0.000612045
306	0.000312932
307	0.00031274
308	0.000312699
309	0.000174672
310	0.000173075
311	0.000162012
312	0.000159559
313	0.000159364
314	0.000118429
315	0.000116993
316	0.000116263
317	9.65227e-05
318	9.41702e-05
319	9.4451e-05
320	8.95757e-05
321	8.58006e-05
322	6.69498e-05
323	6.5392e-05
324	6.23041e-05
325	6.16596e-05
326	6.10417e-05
327	4.79065e-05
328	4.76874e-05
329	3.7283e-05
330	2.44255e-05
331	1.77379e-05
332	1.96096e-05
333	1.62806e-05
334	1.62045e-05
335	1.61471e-05
336	2.25277e-05
337	2.12024e-05
338	1.83821e-05
339	1.80272e-05
340	1.77732e-05
341	2.1399e-05
342	2.13723e-05
343	2.0628e-05
344	1.69856e-05
345	1.69732e-05
346	1.62789e-05
347	1.53374e-05
348	1.51517e-05
349	1.48333e-05
350	1.45801e-05
351	1.45715e-05
352	1.44282e-05
353	1.43909e-05
354	1.37046e-05
355	1.01939e-05
356	1.01919e-05
357	9.6855e-06
358	8.08486e-06
359	7.65769e-06
360	7.67034e-06
361	7.60644e-06
362	6.075e-06
363	5.53067e-06
364	5.19654e-06
365	4.86407e-06
366	4.67213e-06
367	3.79205e-06
368	5.56603e-06
369	5.41569e-06
370	5.41043e-06
371	5.4085e-06
372	5.32941e-06
373	5.12698e-06
374	4.99471e-06
375	4.51409e-06
376	4.49162e-06
377	4.57436e-06
378	4.56231e-06
379	4.55986e-06
380	4.52953e-06
381	3.57588e-06
382	3.58558e-06
383	4.43208e-06
384	4.39456e-06
385	4.42394e-06
386	3.33726e-06
387	2.89052e-06
388	2.87388e-06
389	2.82022e-06
390	2.74209e-06
391	2.69692e-06
392	2.69586e-06
393	3.52406e-06
394	3.49488e-06
395	3.33619e-06
396	3.0644e-06
397	2.77183e-06
398	2.76664e-06
399	2.34363e-06
400	2.19125e-06
401	2.12475e-06
402	1.87069e-06
403	1.62939e-06
404	1.43281e-06
405	1.41835e-06
406	1.39187e-06
407	1.19789e-06
408	1.19785e-06
409	1.1446e-06
410	1.13636e-06
411	1.13583e-06
412	1.11864e-06
413	1.11654e-06
414	1.11307e-06
415	1.00805e-06
416	1.00331e-06
417	1.00308e-06
418	8.8507e-07
419	8.85028e-07
420	8.76807e-07
421	1.58005e-06
422	1.31318e-06
423	1.31431e-06
424	6.14774e-07
425	6.15577e-07
426	6.15293e-07
427	6.14773e-07
428	6.01892e-07
429	5.88496e-07
430	5.88514e-07
431	5.88416e-07
432	5.66768e-07
433	4.95167e-07
434	4.14525e-07
435	3.70178e-07
436	3.70242e-07
437	2.82389e-07
438	1.32702e-07
439	1.32302e-07
440	1.08528e-07
441	2.13386e-07
442	2.13094e-07
443	1.84563e-07
444	1.96704e-07
445	1.53394e-07
446	1.53365e-07
447	9.22254e-08
448	9.61839e-08
449	9.31106e-08
450	9.99337e-08
451	7.78262e-08
452	8.60077e-08
453	8.59828e-08
454	6.96245e-08
455	5.87924e-08
456	5.88167e-08
457	5.86808e-08
458	5.86917e-08
459	5.86693e-08
460	3.82585e-08
461	3.22449e-08
462	2.78507e-08
463	2.38975e-08
464	2.741e-08
465	2.54856e-08
466	2.52249e-08
467	2.51797e-08
468	2.22023e-08
469	1.68567e-08
470	1.67629e-08
471	1.67605e-08
472	1.665e-08
473	1.2546e-08
474	2.64771e-08
475	2.64356e-08
476	2.78077e-08
477	2.64003e-08
478	2.6501e-08
479	2.64167e-08
480	2.55958e-08
481	2.54922e-08
482	6.68677e-09
483	1.59334e-08
484	1.35007e-08
485	1.34956e-08
486	1.34171e-08
487	1.34127e-08
488	1.34573e-08
489	1.48621e-08
490	1.99353e-08
491	1.99248e-08
492	1.88643e-08
493	5.2127e-09
494	6.8959e-09
495	7.00304e-09
496	5.84047e-09
497	8.93947e-09
498	8.84644e-09
499	8.56647e-09
500	8.52915e-09
501	8.39334e-09
502	8.35203e-09
503	8.20012e-09
504	8.16704e-09
505	7.37533e-09
506	6.89185e-09
507	5.5872e-09
508	5.45079e-09
509	5.09652e-09
510	4.77279e-09
511	4.70138e-09
512	5.41304e-09
513	5.58609e-09
514	5.40261e-09
515	5.39496e-09
516	4.89773e-09
517	3.94907e-09
518	3.93286e-09
519	3.80251e-09
520	3.4812e-09
521	3.04739e-09
522	2.79691e-09
523	2.72717e-09
524	2.72781e-09
525	2.70054e-09
526	2.74332e-09
527	2.73688e-09
528	2.6843e-09
529	2.52132e-09
530	2.41128e-09
531	1.91577e-09
532	1.91973e-09
533	1.69934e-09
534	1.69016e-09
535	1.49997e-09
536	1.49628e-09
537	2.30293e-09
538	2.29041e-09
539	2.29085e-09
540	2.09661e-09
541	1.93553e-09
542	9.36249e-10
543	9.36249e-10
544	9.33322e-10
545	9.13976e-10
546	7.11754e-10
547	6.44718e-10
548	6.0835e-10
549	5.99167e-10
550	5.69708e-10
551	5.68817e-10
552	5.6106e-10
553	5.65537e-10
554	1.11311e-09
555	1.1099e-09
556	1.11112e-09
557	9.7594e-10
558	9.67043e-10
559	8.65085e-10
560	8.63126e-10
561	8.41333e-10
562	1.01405e-09
563	1.03141e-09
564	1.02755e-09
565	1.00019e-09
566	9.79186e-10
567	7.67722e-10
568	7.54575e-10
569	9.42659e-10
570	9.20384e-10
571	6.22531e-10
572	6.23017e-10
573	6.12166e-10
574	6.1166e-10
575	5.0742e-10
576	1.18638e-09
577	1.18082e-09
578	1.17154e-09
579	1.56668e-09
580	1.46155e-09
581	5.5537e-09
582	5.54137e-09
583	4.21991e-09
584	1.86144e-09
585	1.84921e-09
586	1.61517e-09
587	1.60987e-09
588	1.60599e-09
589	1.60235e-09
590	1.54839e-09
591	1.92068e-09
592	1.9146e-09
593	1.93214e-09
594	1.93014e-09
595	1.7789e-09
596	1.60915e-09
597	1.60023e-09
598	1.49192e-09
599	1.27506e-09
600	1.23798e-09
601	1.23568e-09
602	1.04042e-09
603	1.04042e-09
604	1.04001e-09
605	1.01483e-09
606	4.22028e-10
607	4.17711e-10
608	4.17764e-10
609	5.26229e-10
610	6.63998e-10
611	6.23641e-10
612	6.21261e-10
613	4.82157e-10
614	3.69519e-10
615	3.69249e-10
616	3.47544e-10
617	2.50038e-10
618	1.72695e-10
619	1.71968e-10
620	1.84009e-10
621	1.83385e-10
622	1.60481e-10
623	1.60645e-10
624	1.55059e-10
625	1.47403e-10
626	1.45254e-10
627	1.18339e-10
628	1.16086e-10
629	1.03982e-10
630	1.04018e-10
631	9.507e-11
632	9.507e-11
633	8.14195e-11
634	5.12534e-11
635	4.68916e-11
636	4.63229e-11
637	4.52458e-11
638	4.52944e-11
639	4.40592e-11
640	3.65772e-11
641	3.67841e-11
642	2.72327e-11
643	2.52991e-11
644	6.11486e-11
645	6.27036e-11
646	6.1654e-11
647	5.81313e-11
648	3.94202e-11
649	3.84219e-11
650	3.84219e-11
651	3.78002e-11
652	3.78002e-11
653	3.35005e-11
654	3.2057e-11
655	3.11664e-11
656	2.87168e-11
657	3.00615e-11
658	2.78506e-11
659	4.72573e-11
660	3.0739e-11
661	4.22535e-11
662	4.23006e-11
663	4.15057e-11
664	2.70726e-11
665	2.70726e-11
666	3.03846e-11
667	3.0095e-11
668	2.75338e-11
669	2.73408e-11
670	2.69973e-11
671	2.67175e-11
672	3.80163e-10
673	3.79118e-10
674	3.72741e-10
675	3.70846e-10
676	3.68301e-10
677	3.68805e-10
678	3.66249e-10
679	3.49244e-10
680	3.09767e-10
681	3.04614e-10
682	3.04034e-10
683	3.04034e-10
684	2.13628e-10
685	2.14222e-10
686	2.09456e-10
687	2.09302e-10
688	1.8786e-10
689	1.66837e-10
690	1.49556e-10
691	7.02906e-10
692	6.87807e-10
693	3.50843e-10
694	3.28421e-10
695	3.15753e-10
696	2.94073e-10
697	2.83955e-10
698	2.83955e-10
699	2.57051e-10
700	2.61026e-10
701	2.61026e-10
702	8.8064e-11
703	8.82139e-11
704	8.68525e-11
705	8.15437e-11
706	7.88152e-11
707	6.47216e-11
708	6.4744e-11
709	6.31717e-11
710	6.33336e-11
711	1.98437e-11
712	1.79528e-11
713	1.78961e-11
714	1.71507e-11
715	1.59652e-11
716	1.49865e-11
717	1.47262e-11
718	8.16236e-12
719	6.83986e-12
720	6.88338e-12
721	6.50791e-12
722	6.13487e-12
723	6.89493e-12
724	6.93956e-12
725	6.86051e-12
726	6.86051e-12
727	6.68909e-12
728	6.36025e-12
729	6.33982e-12
730	6.26987e-12
731	6.26987e-12
732	9.31721e-12
733	9.36873e-12
734	1.17231e-11
735	1.15659e-11
736	1.15545e-11
737	1.15545e-11
738	1.27998e-11
739	1.91867e-11
740	1.31894e-11
741	5.5087e-12
742	5.5087e-12
743	4.26792e-12
744	4.59011e-12
745	4.16933e-12
746	4.16933e-12
747	2.75779e-12
748	2.50844e-12
749	2.49578e-12
750	2.44538e-12
751	2.44538e-12
752	3.14349e-12
753	2.90457e-12
754	2.46914e-12
755	2.01816e-12
756	1.51523e-12
757	1.36868e-12
758	1.37579e-12
759	1.44684e-12
760	1.39e-12
761	1.14242e-12
762	1.14242e-12
763	8.73968e-13
764	8.73968e-13
765	8.85514e-13
766	8.85514e-13
767	1.26055e-12
768	1.26055e-12
769	1.26055e-12
770	1.09157e-12
771	1.00386e-12
772	9.94982e-13
773	9.94982e-13
774	9.29035e-13
775	8.17346e-13
776	8.17346e-13
777	8.17346e-13
778	8.17346e-13
779	9.67226e-13
780	9.67226e-13
781	9.13936e-13
782	1.02784e-12
783	1.05005e-12
784	8.25118e-13
785	8.25118e-13
786	6.6791e-13
787	6.51923e-13
788	6.51923e-13
789	6.12843e-13
790	5.92637e-13
791	5.92637e-13
792	5.54445e-13
793	4.91163e-13
794	3.10196e-13
795	3.10196e-13
796	3.10196e-13
797	2.92211e-13
798	7.3741e-13
799	6.76792e-13
800	6.71685e-13
801	5.01155e-13
802	3.78364e-13
803	3.78364e-13
804	3.69482e-13
805	4.20997e-13
806	4.20997e-13
807	3.29736e-13
808	2.46025e-13
809	2.41807e-13
810	3.19078e-13
811	3.62599e-13
812	3.32179e-13
813	3.32179e-13
814	3.32179e-13
815	3.46612e-13
816	7.18536e-13
817	7.18536e-13
818	8.22453e-13
819	8.22453e-13
820	7.22977e-13
821	7.65832e-13
822	7.65832e-13
823	8.78408e-13
824	8.78408e-13
825	8.78408e-13
826	7.86926e-13
827	7.22089e-13
828	7.22089e-13
829	1.00542e-12
830	8.92619e-13
831	1.47171e-12
832	1.41598e-12
833	1.41598e-12
834	1.41598e-12
835	1.37668e-12
836	1.39355e-12
837	1.18483e-12
838	1.08291e-12
839	1.08114e-12
840	1.06937e-12
841	8.90843e-13
842	8.90843e-13
843	8.90843e-13
844	7.81819e-13
845	7.81819e-13
846	7.81819e-13
847	7.05436e-13
848	6.26388e-13
849	3.03757e-13
850	3.06422e-13
851	3.06644e-13
852	3.41949e-13
853	3.27738e-13
854	3.49942e-13
855	3.36842e-13
856	2.48912e-13
857	2.26708e-13
858	2.14051e-13
859	1.40332e-13
860	1.40332e-13
861	7.63833e-14
862	7.28306e-14
863	4.44089e-14
864	4.44089e-14
865	5.88418e-14
866	2.66454e-14
867	2.75335e-14
868	1.53211e-14
869	1.5099e-14
870	1.15463e-14
871	1.15463e-14
872	1.15463e-14
873	1.15463e-14
874	1.24345e-14
875	9.99201e-15
876	9.99201e-15
877	9.99201e-15
878	9.99201e-15
879	9.99201e-15
880	9.99201e-15
881	1.53211e-14
882	1.95399e-14
883	1.95399e-14
884	2.42029e-14
885	2.42029e-14
886	2.42029e-14
887	2.42029e-14
888	2.42029e-14
889	5.35127e-14
890	4.88498e-14
891	4.52971e-14
892	4.52971e-14
893	4.52971e-14
894	5.06262e-14
895	5.06262e-14
896	4.28546e-14
897	4.28546e-14
898	4.28546e-14
899	4.28546e-14
900	3.73035e-14
901	4.79616e-14
902	4.79616e-14
903	4.79616e-14
904	7.03881e-14
905	5.52891e-14
906	2.82663e-13
907	2.72005e-13
908	2.72005e-13
909	3.43725e-13
910	3.43725e-13
911	1.3447e-12
912	1.43108e-12
913	1.35736e-12
914	1.24789e-12
915	1.11289e-12
916	1.106e-12
917	1.106e-12
918	1.08469e-12
919	1.08469e-12
920	1.10689e-12
921	1.10689e-12
922	1.06049e-12
923	1.03295e-12
924	8.29559e-13
925	8.29559e-13
926	7.04548e-13
927	2.56684e-13
928	1.86517e-13
929	1.86517e-13
930	1.86517e-13
931	1.70752e-13
932	1.70752e-13
933	1.70752e-13
934	1.70752e-13
935	1.70752e-13
936	1.70752e-13
937	1.5099e-13
938	1.24345e-13
939	9.41469e-14
940	8.34888e-14
941	8.37108e-14
942	7.54952e-14
943	7.54952e-14
944	1.0747e-13
945	1.19238e-13
946	1.57208e-13
947	1.57208e-13
948	1.1724e-13
949	1.1724e-13
950	7.30083e-13
951	8.03801e-13
952	8.03801e-13
953	7.95142e-13
954	8.10241e-13
955	1.09868e-12
956	1.06692e-12
957	6.11289e-13
958	4.31877e-13
959	4.70957e-13
960	4.11227e-13
961	7.27418e-13
962	7.34746e-13
963	7.34746e-13
964	2.78977e-12
965	2.84217e-12
966	2.82618e-12
967	2.82618e-12
968	2.78622e-12
969	2.63967e-12
970	8.0469e-13
971	8.32445e-13
972	8.32223e-13
973	8.46434e-13
974	8.46434e-13
975	7.98694e-13
976	7.98694e-13
977	7.98694e-13
978	7.8626e-13
979	7.8626e-13
980	7.8626e-13
981	7.8626e-13
982	6.55476e-13
983	6.55476e-13
984	5.23359e-13
985	5.23359e-13
986	5.23359e-13
987	5.56222e-13
988	5.30243e-13
989	5.30243e-13
990	5.51559e-13
991	5.51559e-13
992	5.51559e-13
993	5.27578e-13
994	3.02869e-13
995	3.20632e-13
996	3.21743e-13
997	7.25642e-13
998	5.01821e-13
999	5.39124e-13
1000	5.57998e-13
