0	2.85328
1	2.7833
2	2.06681
3	1.99027
4	1.90337
5	1.88952
6	1.41287
7	0.906269
8	0.812499
9	0.7718
10	0.764865
11	0.730006
12	0.729919
13	0.5127
14	0.484569
15	0.449619
16	0.448339
17	0.324127
18	0.317985
19	0.315836
20	0.315304
21	0.301423
22	0.280745
23	0.268233
24	0.256503
25	0.255998
26	0.246507
27	0.246491
28	0.212172
29	0.198526
30	0.166379
31	0.135352
32	0.132843
33	0.116697
34	0.114436
35	0.111431
36	0.107639
37	0.107351
38	0.104876
39	0.10326
40	0.0945333
41	0.0894703
42	0.0892602
43	0.0864855
44	0.0860199
45	0.0837975
46	0.0802996
47	0.0793293
48	0.0772263
49	0.0772214
50	0.0766501
51	0.0764285
52	0.0760014
53	0.0758808
54	0.075879
55	0.0733737
56	0.072104
57	0.0691654
58	0.068947
59	0.060513
60	0.0592303
61	0.0589592
62	0.0527632
63	0.0516723
64	0.0509277
65	0.0504375
66	0.0501756
67	0.047306
68	0.0464821
69	0.0464534
70	0.0454167
71	0.0436226
72	0.0417439
73	0.0405852
74	0.0378103
75	0.0375166
76	0.0369483
77	0.0365503
78	0.0365405
79	0.0349618
80	0.0327325
81	0.0315294
82	0.0299225
83	0.0292775
84	0.028753
85	0.0278908
86	0.0256125
87	0.0255077
88	0.0193147
89	0.0190267
90	0.0189039
91	0.0186215
92	0.018459
93	0.0171036
94	0.016065
95	0.0156448
96	0.0144208
97	0.0143448
98	0.0139592
99	0.0135515
100	0.0135513
101	0.0133098
102	0.0131026
103	0.013095
104	0.0130947
105	0.0130648
106	0.0128543
107	0.0128523
108	0.0127311
109	0.0125566
110	0.0123327
111	0.0106299
112	0.0104916
113	0.00980806
114	0.00873512
115	0.00826573
116	0.0076217
117	0.00746003
118	0.00739165
119	0.00683965
120	0.00634774
121	0.00613101
122	0.00579888
123	0.00532641
124	0.00522943
125	0.00510092
126	0.00506561
127	0.00499949
128	0.00499943
129	0.00499944
130	0.00477402
131	0.00474277
132	0.0046385
133	0.00463638
134	0.00463279
135	0.00403317
136	0.00348877
137	0.00346128
138	0.00304971
139	0.00279338
140	0.00258658
141	0.00251409
142	0.00242514
143	0.00238232
144	0.00238231
145	0.00224773
146	0.00214998
147	0.00212463
148	0.00205866
149	0.00203581
150	0.0019867
151	0.00198663
152	0.00197772
153	0.0019082
154	0.00184222
155	0.00179701
156	0.0016767
157	0.00159046
158	0.00155906
159	0.00155845
160	0.0014877
161	0.00146122
162	0.00143616
163	0.00142664
164	0.00141721
165	0.00141014
166	0.00136159
167	0.0013385
168	0.00132187
169	0.00131938
170	0.00120401
171	0.0010729
172	0.00104723
173	0.00097696
174	0.000948838
175	0.000921434
176	0.000909258
177	0.000878548
178	0.000869383
179	0.000782882
180	0.000760464
181	0.000750017
182	0.000734164
183	0.000734013
184	0.000730233
185	0.000725278
186	0.000724445
187	0.000708792
188	0.000698169
189	0.000684934
190	0.000684781
191	0.000676977
192	0.000644931
193	0.000644921
194	0.000644919
195	0.000635414
196	0.0005376
197	0.000534445
198	0.000497949
199	0.000476817
200	0.000476182
201	0.000475619
202	0.000475608
203	0.000430337
204	0.000412918
205	0.00040267
206	0.000389182
207	0.000367184
208	0.000329529
209	0.000314562
210	0.00030707
211	0.000280719
212	0.000271918
213	0.000268282
214	0.000266454
215	0.000246824
216	0.000241429
217	0.000230327
218	0.000230285
219	0.000228757
220	0.000226472
221	0.00019797
222	0.000188642
223	0.000180295
224	0.000177545
225	0.000168581
226	0.000166218
227	0.000166136
228	0.000164836
229	0.000160563
230	0.000157941
231	0.000143722
232	0.000136976
233	0.000130147
234	0.000130139
235	0.000127265
236	0.000123288
237	0.00011865
238	0.000109728
239	0.000107233
240	0.000106275
241	0.000102837
242	9.94399e-05
243	9.88578e-05
244	9.38399e-05
245	8.11287e-05
246	7.48372e-05
247	6.96194e-05
248	5.77342e-05
249	5.5359e-05
250	5.2758e-05
251	5.27266e-05
252	5.04639e-05
253	4.84505e-05
254	4.5968e-05
255	4.59601e-05
256	4.52868e-05
257	4.35999e-05
258	4.20427e-05
259	4.20364e-05
260	4.10682e-05
261	3.84192e-05
262	3.8023e-05
263	3.80235e-05
264	3.77971e-05
265	3.72282e-05
266	3.59034e-05
267	3.41521e-05
268	3.31106e-05
269	3.25383e-05
270	3.2019e-05
271	3.16147e-05
272	2.88157e-05
273	2.85648e-05
274	2.76446e-05
275	2.54016e-05
276	2.52691e-05
277	2.35804e-05
278	2.27229e-05
279	2.1497e-05
280	2.13124e-05
281	2.04161e-05
282	2.02268e-05
283	1.97704e-05
284	1.67471e-05
285	1.66283e-05
286	1.64539e-05
287	1.3893e-05
288	1.35592e-05
289	1.34547e-05
290	1.33541e-05
291	1.1665e-05
292	1.12386e-05
293	1.10546e-05
294	1.01597e-05
295	1.00086e-05
296	1.0008e-05
297	9.844e-06
298	9.73636e-06
299	8.71195e-06
300	8.417e-06
301	8.39776e-06
302	8.02963e-06
303	8.00626e-06
304	7.91167e-06
305	7.46767e-06
306	7.37531e-06
307	7.33678e-06
308	7.29839e-06
309	7.28172e-06
310	7.10435e-06
311	6.99936e-06
312	6.84193e-06
313	6.83611e-06
314	6.29604e-06
315	6.28494e-06
316	6.0338e-06
317	5.98156e-06
318	5.90973e-06
319	5.08589e-06
320	5.08563e-06
321	5.00238e-06
322	4.41073e-06
323	4.32128e-06
324	4.18119e-06
325	3.99878e-06
326	3.62145e-06
327	3.59095e-06
328	3.55058e-06
329	3.50505e-06
330	3.46167e-06
331	3.45615e-06
332	3.42791e-06
333	3.02344e-06
334	2.89911e-06
335	2.84564e-06
336	2.55286e-06
337	2.46554e-06
338	2.2937e-06
339	2.24779e-06
340	2.18192e-06
341	2.1232e-06
342	2.11229e-06
343	2.05369e-06
344	2.02936e-06
345	1.98716e-06
346	1.79463e-06
347	1.69747e-06
348	1.6703e-06
349	1.60409e-06
350	1.54909e-06
351	1.45042e-06
352	1.42933e-06
353	1.34848e-06
354	1.29915e-06
355	1.27757e-06
356	1.24439e-06
357	1.11236e-06
358	1.04361e-06
359	1.00273e-06
360	9.91418e-07
361	9.48906e-07
362	9.38419e-07
363	9.1113e-07
364	8.8157e-07
365	7.94019e-07
366	7.78274e-07
367	7.63204e-07
368	7.53078e-07
369	7.40808e-07
370	7.16064e-07
371	7.15863e-07
372	7.11224e-07
373	6.80326e-07
374	6.58715e-07
375	6.52105e-07
376	6.47786e-07
377	5.94721e-07
378	5.89934e-07
379	5.66898e-07
380	5.27026e-07
381	5.2699e-07
382	4.28666e-07
383	3.94576e-07
384	3.88201e-07
385	3.69106e-07
386	3.6411e-07
387	3.46354e-07
388	3.23681e-07
389	3.20643e-07
390	3.11739e-07
391	2.9806e-07
392	2.65966e-07
393	2.60807e-07
394	2.53348e-07
395	2.50547e-07
396	2.48103e-07
397	2.44727e-07
398	2.37498e-07
399	2.25119e-07
400	2.24728e-07
401	1.90728e-07
402	1.90393e-07
403	1.89462e-07
404	1.89414e-07
405	1.89451e-07
406	1.86948e-07
407	1.76438e-07
408	1.64676e-07
409	1.6312e-07
410	1.55804e-07
411	1.55352e-07
412	1.51875e-07
413	1.51873e-07
414	1.51037e-07
415	1.50205e-07
416	1.4597e-07
417	1.43689e-07
418	1.33563e-07
419	1.10959e-07
420	1.10295e-07
421	1.0948e-07
422	9.94673e-08
423	9.78785e-08
424	9.76286e-08
425	9.67158e-08
426	9.62156e-08
427	9.07333e-08
428	8.86322e-08
429	8.6895e-08
430	8.16954e-08
431	7.77838e-08
432	7.65638e-08
433	7.50366e-08
434	7.28091e-08
435	6.70398e-08
436	6.70143e-08
437	6.38666e-08
438	6.25338e-08
439	5.65501e-08
440	5.47928e-08
441	5.35276e-08
442	5.31891e-08
443	5.18227e-08
444	5.00651e-08
445	5.00397e-08
446	4.96722e-08
447	4.90019e-08
448	4.65795e-08
449	4.62964e-08
450	4.37111e-08
451	4.33969e-08
452	4.30825e-08
453	3.70309e-08
454	3.6787e-08
455	3.34285e-08
456	3.21271e-08
457	3.17752e-08
458	2.99769e-08
459	2.96649e-08
460	2.94059e-08
461	2.86689e-08
462	2.58094e-08
463	2.43508e-08
464	2.37449e-08
465	2.30627e-08
466	2.09411e-08
467	2.06133e-08
468	1.81687e-08
469	1.70309e-08
470	1.68096e-08
471	1.66423e-08
472	1.65331e-08
473	1.58152e-08
474	1.58014e-08
475	1.51206e-08
476	1.37392e-08
477	1.16615e-08
478	1.16602e-08
479	1.03738e-08
480	9.89274e-09
481	9.44633e-09
482	9.08275e-09
483	8.66561e-09
484	8.04355e-09
485	7.9772e-09
486	7.43913e-09
487	7.3885e-09
488	7.30692e-09
489	6.37685e-09
490	6.37307e-09
491	6.12785e-09
492	5.79475e-09
493	5.43318e-09
494	5.13854e-09
495	4.95422e-09
496	4.60266e-09
497	4.07666e-09
498	4.01517e-09
499	3.81903e-09
500	3.6756e-09
501	3.29671e-09
502	3.24855e-09
503	3.1783e-09
504	3.16148e-09
505	2.98185e-09
506	2.98161e-09
507	2.95521e-09
508	2.92922e-09
509	2.81681e-09
510	2.72242e-09
511	2.60598e-09
512	2.60309e-09
513	2.59021e-09
514	2.49658e-09
515	2.45996e-09
516	2.34771e-09
517	2.14395e-09
518	2.1223e-09
519	2.12124e-09
520	2.06773e-09
521	1.9247e-09
522	1.73836e-09
523	1.66301e-09
524	1.64465e-09
525	1.62666e-09
526	1.58124e-09
527	1.5331e-09
528	1.50962e-09
529	1.48659e-09
530	1.4287e-09
531	1.36654e-09
532	1.36509e-09
533	1.36616e-09
534	1.35901e-09
535	1.34698e-09
536	1.33564e-09
537	1.1664e-09
538	1.14461e-09
539	1.10847e-09
540	1.09773e-09
541	1.06997e-09
542	1.00845e-09
543	1.00067e-09
544	9.29889e-10
545	8.80523e-10
546	8.53309e-10
547	8.2836e-10
548	8.1658e-10
549	7.74743e-10
550	7.298e-10
551	6.96686e-10
552	6.53469e-10
553	6.46364e-10
554	6.18888e-10
555	5.81246e-10
556	5.32479e-10
557	5.02581e-10
558	4.40293e-10
559	4.3478e-10
560	4.26342e-10
561	3.98405e-10
562	3.95392e-10
563	3.94659e-10
564	3.87704e-10
565	3.71731e-10
566	3.63345e-10
567	3.57911e-10
568	3.53755e-10
569	3.24275e-10
570	2.83647e-10
571	2.78219e-10
572	2.65553e-10
573	2.66156e-10
574	2.62157e-10
575	2.59686e-10
576	2.58426e-10
577	2.5428e-10
578	2.53952e-10
579	2.24797e-10
580	2.23187e-10
581	2.0616e-10
582	1.95678e-10
583	1.91799e-10
584	1.78647e-10
585	1.79265e-10
586	1.77831e-10
587	1.73282e-10
588	1.68866e-10
589	1.60443e-10
590	1.38606e-10
591	1.27747e-10
592	1.19198e-10
593	1.16065e-10
594	1.11365e-10
595	1.09234e-10
596	1.06514e-10
597	1.06294e-10
598	1.01428e-10
599	9.59075e-11
600	9.52911e-11
601	9.51508e-11
602	9.44933e-11
603	9.41975e-11
604	9.3225e-11
605	9.01084e-11
606	9.00793e-11
607	8.86518e-11
608	8.47553e-11
609	8.4091e-11
610	8.41391e-11
611	8.41878e-11
612	8.40963e-11
613	8.22622e-11
614	7.24401e-11
615	6.98857e-11
616	6.98499e-11
617	6.78571e-11
618	6.40341e-11
619	6.14149e-11
620	5.83533e-11
621	5.77698e-11
622	5.71658e-11
623	5.61917e-11
624	5.1541e-11
625	4.60221e-11
626	4.52014e-11
627	4.54206e-11
628	4.34666e-11
629	4.25777e-11
630	4.24445e-11
631	4.17464e-11
632	4.16132e-11
633	4.0778e-11
634	3.9295e-11
635	3.75948e-11
636	3.65246e-11
637	3.65878e-11
638	3.67093e-11
639	3.66356e-11
640	3.62361e-11
641	3.56357e-11
642	3.52893e-11
643	3.36675e-11
644	3.40759e-11
645	3.40759e-11
646	3.40759e-11
647	3.40759e-11
648	3.37197e-11
649	3.38627e-11
650	3.39357e-11
651	3.35076e-11
652	3.3346e-11
653	3.34437e-11
654	2.79121e-11
655	2.66385e-11
656	2.60771e-11
657	2.5258e-11
658	2.48379e-11
659	2.52829e-11
660	2.57225e-11
661	2.52616e-11
662	2.47953e-11
663	2.34464e-11
664	2.28335e-11
665	2.2804e-11
666	2.22293e-11
667	2.13545e-11
668	1.94582e-11
669	1.85407e-11
670	1.7752e-11
671	1.7752e-11
672	1.68685e-11
673	1.68594e-11
674	1.68507e-11
675	1.72238e-11
676	1.72522e-11
677	1.6402e-11
678	1.63318e-11
679	1.4718e-11
680	1.38967e-11
681	1.31406e-11
682	1.31204e-11
683	1.31406e-11
684	1.2726e-11
685	1.24862e-11
686	1.19444e-11
687	1.17046e-11
688	1.16884e-11
689	1.17171e-11
690	1.14193e-11
691	1.11422e-11
692	1.11682e-11
693	1.12588e-11
694	1.12275e-11
695	1.04523e-11
696	1.0659e-11
697	1.04114e-11
698	1.03819e-11
699	9.75042e-12
700	9.26281e-12
701	9.24261e-12
702	9.00635e-12
703	8.98392e-12
704	8.74323e-12
705	7.79021e-12
706	7.30105e-12
707	6.39155e-12
708	6.2963e-12
709	6.27964e-12
710	5.90816e-12
711	5.92082e-12
712	5.53357e-12
713	5.52447e-12
714	5.53357e-12
715	5.53535e-12
716	5.49449e-12
717	5.52114e-12
718	5.3646e-12
719	5.04041e-12
720	4.54037e-12
721	4.14246e-12
722	3.8638e-12
723	3.97393e-12
724	3.78919e-12
725	3.40905e-12
726	3.40905e-12
727	3.35554e-12
728	2.87859e-12
729	2.8797e-12
730	2.91522e-12
731	2.72871e-12
732	2.87148e-12
733	2.87947e-12
734	2.48068e-12
735	2.20357e-12
736	2.14762e-12
737	2.14762e-12
738	2.15739e-12
739	2.25087e-12
740	2.25087e-12
741	2.21712e-12
742	2.21512e-12
743	1.94778e-12
744	1.95577e-12
745	1.95954e-12
746	1.96376e-12
747	1.98508e-12
748	1.98508e-12
749	1.98508e-12
750	1.9611e-12
751	1.96843e-12
752	1.70908e-12
753	1.48148e-12
754	1.54898e-12
755	1.55276e-12
756	1.55698e-12
757	1.56875e-12
758	1.57119e-12
759	1.4504e-12
760	1.4504e-12
761	1.45151e-12
762	1.33582e-12
763	1.24722e-12
764	1.20814e-12
765	1.04716e-12
766	1.07314e-12
767	1.02696e-12
768	1.02696e-12
769	1.02696e-12
770	1.09068e-12
771	9.30811e-13
772	7.88924e-13
773	7.88924e-13
774	7.86038e-13
775	7.88924e-13
776	7.86038e-13
777	7.83595e-13
778	6.9833e-13
779	6.9833e-13
780	6.98996e-13
781	7.17648e-13
782	6.91891e-13
783	6.93001e-13
784	6.9833e-13
785	6.96332e-13
786	6.85896e-13
787	6.85896e-13
788	6.69909e-13
789	6.80567e-13
790	7.00107e-13
791	6.98996e-13
792	6.98996e-13
793	6.75016e-13
794	7.33857e-13
795	7.32747e-13
796	7.40741e-13
797	6.54587e-13
798	5.56222e-13
799	5.56222e-13
800	5.57776e-13
801	5.56888e-13
802	6.2883e-13
803	6.29052e-13
804	6.2883e-13
805	6.6791e-13
806	6.66356e-13
807	6.8745e-13
808	6.90115e-13
809	6.4504e-13
810	6.4837e-13
811	7.18536e-13
812	6.87672e-13
813	6.83897e-13
814	6.87672e-13
815	6.27942e-13
816	6.03961e-13
817	6.20837e-13
818	6.27276e-13
819	6.27054e-13
820	6.27054e-13
821	6.33271e-13
822	6.34381e-13
823	6.33271e-13
824	6.33271e-13
825	6.33271e-13
826	6.0485e-13
827	6.0485e-13
828	6.27054e-13
829	5.4734e-13
830	5.4734e-13
831	4.72733e-13
832	4.05231e-13
833	3.3773e-13
834	3.3773e-13
835	3.3773e-13
836	3.37508e-13
837	3.15303e-13
838	3.15303e-13
839	3.15303e-13
840	3.37508e-13
841	2.65565e-13
842	2.70006e-13
843	2.70006e-13
844	2.70228e-13
845	2.70006e-13
846	2.70006e-13
847	2.70228e-13
848	2.70228e-13
849	2.50688e-13
850	2.46025e-13
851	2.45359e-13
852	2.64899e-13
853	2.64899e-13
854	2.64677e-13
855	2.64899e-13
856	2.62901e-13
857	2.65565e-13
858	2.65565e-13
859	2.66676e-13
860	2.65565e-13
861	2.86882e-13
862	2.86882e-13
863	2.86882e-13
864	2.87992e-13
865	3.11084e-13
866	3.27072e-13
867	3.12639e-13
868	3.3662e-13
869	2.86882e-13
870	2.86882e-13
871	3.01981e-13
872	3.01981e-13
873	3.02203e-13
874	2.4003e-13
875	2.4003e-13
876	2.3892e-13
877	2.22045e-13
878	1.38778e-13
879	8.72635e-14
880	5.52891e-14
881	3.37508e-14
882	3.37508e-14
883	4.70735e-14
884	4.81837e-14
885	4.81837e-14
886	4.9738e-14
887	4.9738e-14
888	4.9738e-14
889	5.35127e-14
890	5.35127e-14
891	5.35127e-14
892	5.35127e-14
893	5.35127e-14
894	5.35127e-14
895	5.35127e-14
896	5.35127e-14
897	5.77316e-14
898	5.77316e-14
899	5.77316e-14
900	5.77316e-14
901	5.77316e-14
902	5.77316e-14
903	5.77316e-14
904	5.77316e-14
905	5.77316e-14
906	5.70655e-14
907	5.77316e-14
908	2.86438e-14
909	3.75255e-14
910	3.81917e-14
911	3.75255e-14
912	3.75255e-14
913	3.75255e-14
914	3.75255e-14
915	3.75255e-14
916	3.75255e-14
917	3.81917e-14
918	3.81917e-14
919	3.81917e-14
920	3.75255e-14
921	3.81917e-14
922	3.93019e-14
923	3.81917e-14
924	3.75255e-14
925	3.75255e-14
926	3.73035e-14
927	3.73035e-14
928	3.75255e-14
929	3.73035e-14
930	3.73035e-14
931	3.75255e-14
932	3.73035e-14
933	3.75255e-14
934	3.81917e-14
935	3.81917e-14
936	3.93019e-14
937	3.93019e-14
938	3.81917e-14
939	3.93019e-14
940	3.81917e-14
941	3.81917e-14
942	3.81917e-14
943	3.81917e-14
944	3.81917e-14
945	3.81917e-14
946	3.75255e-14
947	3.73035e-14
948	3.75255e-14
949	3.75255e-14
950	4.996e-14
951	4.9738e-14
952	4.9738e-14
953	4.9738e-14
954	4.996e-14
955	4.996e-14
956	5.06262e-14
957	5.15143e-14
958	5.17364e-14
959	5.15143e-14
960	5.17364e-14
961	5.15143e-14
962	5.17364e-14
963	5.17364e-14
964	5.17364e-14
965	5.15143e-14
966	5.17364e-14
967	5.17364e-14
968	5.17364e-14
969	5.17364e-14
970	5.17364e-14
971	5.15143e-14
972	5.15143e-14
973	5.15143e-14
974	5.15143e-14
975	5.17364e-14
976	5.17364e-14
977	5.17364e-14
978	5.17364e-14
979	5.17364e-14
980	5.17364e-14
981	5.17364e-14
982	2.86438e-14
983	2.86438e-14
984	2.93099e-14
985	4.44089e-14
986	4.4631e-14
987	4.52971e-14
988	4.52971e-14
989	4.52971e-14
990	4.64073e-14
991	4.64073e-14
992	4.64073e-14
993	4.79616e-14
994	4.996e-14
995	4.10783e-14
996	4.10783e-14
997	3.75255e-14
998	3.81917e-14
999	3.81917e-14
1000	3.81917e-14
