0	2.85328
1	2.53297
2	2.39739
3	2.18657
4	2.09506
5	1.90906
6	1.05295
7	0.960555
8	0.95895
9	0.95685
10	0.953169
11	0.850275
12	0.794335
13	0.639419
14	0.588991
15	0.587668
16	0.58761
17	0.578602
18	0.577358
19	0.572426
20	0.554292
21	0.552324
22	0.547236
23	0.545544
24	0.544797
25	0.507508
26	0.502799
27	0.489202
28	0.485909
29	0.483177
30	0.414239
31	0.41421
32	0.387718
33	0.381299
34	0.372298
35	0.371681
36	0.365592
37	0.362527
38	0.361864
39	0.349481
40	0.34692
41	0.346918
42	0.345496
43	0.338914
44	0.338242
45	0.330151
46	0.329952
47	0.328309
48	0.328028
49	0.327878
50	0.317031
51	0.316985
52	0.316016
53	0.309218
54	0.305003
55	0.304589
56	0.302602
57	0.288798
58	0.287163
59	0.287107
60	0.275206
61	0.274497
62	0.265585
63	0.25524
64	0.252303
65	0.249865
66	0.235526
67	0.22834
68	0.222943
69	0.220477
70	0.217861
71	0.214665
72	0.2132
73	0.212687
74	0.210805
75	0.208567
76	0.205305
77	0.194007
78	0.174539
79	0.170524
80	0.165185
81	0.140347
82	0.139826
83	0.139526
84	0.137425
85	0.136391
86	0.136293
87	0.13542
88	0.133271
89	0.120921
90	0.116437
91	0.114744
92	0.109045
93	0.108378
94	0.106975
95	0.106324
96	0.100501
97	0.098536
98	0.0957543
99	0.0942862
100	0.091975
101	0.0893388
102	0.0886267
103	0.0847656
104	0.0808529
105	0.078123
106	0.0775756
107	0.0736538
108	0.0731638
109	0.0704052
110	0.0681799
111	0.0667316
112	0.0642053
113	0.0612526
114	0.0607238
115	0.0603662
116	0.0599735
117	0.0580434
118	0.0579313
119	0.0572533
120	0.0565715
121	0.0561585
122	0.0559584
123	0.0535701
124	0.0531544
125	0.0530552
126	0.0510366
127	0.0502552
128	0.0502472
129	0.0499088
130	0.0486269
131	0.0479943
132	0.0479348
133	0.0466861
134	0.0443374
135	0.0442807
136	0.0438362
137	0.0438123
138	0.0437971
139	0.0412268
140	0.0405779
141	0.0375968
142	0.0364014
143	0.0328688
144	0.0326333
145	0.0319723
146	0.0316088
147	0.0315317
148	0.0300445
149	0.0290306
150	0.0283271
151	0.0280052
152	0.0278474
153	0.0277644
154	0.0272497
155	0.0263163
156	0.0263154
157	0.0262265
158	0.0258152
159	0.024006
160	0.023949
161	0.0238532
162	0.0238268
163	0.0238119
164	0.0238109
165	0.023562
166	0.0226278
167	0.0226164
168	0.0226073
169	0.0218119
170	0.0214284
171	0.0211699
172	0.0204271
173	0.0200911
174	0.0190145
175	0.018736
176	0.0187038
177	0.0186477
178	0.0186062
179	0.0183224
180	0.0181499
181	0.0181352
182	0.017194
183	0.0168577
184	0.0161443
185	0.0160236
186	0.0159492
187	0.0155472
188	0.0148847
189	0.0148815
190	0.01451
191	0.0140217
192	0.0134357
193	0.0131904
194	0.0131898
195	0.0129688
196	0.0124203
197	0.0124205
198	0.012419
199	0.0121075
200	0.0120473
201	0.0118121
202	0.0117679
203	0.0111891
204	0.0106341
205	0.0106223
206	0.0105813
207	0.0103389
208	0.0101835
209	0.0101005
210	0.00970663
211	0.00969414
212	0.00968474
213	0.00966501
214	0.00943523
215	0.00870295
216	0.00859967
217	0.00848556
218	0.00844048
219	0.00841298
220	0.0081543
221	0.00785977
222	0.0078451
223	0.00783549
224	0.00771592
225	0.00757325
226	0.00732158
227	0.00719699
228	0.00705158
229	0.00702686
230	0.00696355
231	0.00689892
232	0.00687572
233	0.00677028
234	0.00674981
235	0.00642799
236	0.00614799
237	0.00574549
238	0.00549508
239	0.00548191
240	0.00547618
241	0.00541023
242	0.00536332
243	0.00536331
244	0.00530689
245	0.00523353
246	0.00514912
247	0.00491323
248	0.00474848
249	0.00474831
250	0.00474838
251	0.00474635
252	0.00468043
253	0.0046695
254	0.00440106
255	0.00431347
256	0.00429458
257	0.00424439
258	0.00423819
259	0.00413444
260	0.00413419
261	0.00411929
262	0.00407806
263	0.00389396
264	0.00383473
265	0.00380853
266	0.00377493
267	0.00368793
268	0.00367039
269	0.00359138
270	0.00357919
271	0.00351128
272	0.00343103
273	0.00330236
274	0.0032601
275	0.00321124
276	0.00319663
277	0.00317023
278	0.00305958
279	0.00303726
280	0.00303649
281	0.00286126
282	0.00280572
283	0.002777
284	0.00271483
285	0.00267498
286	0.00266989
287	0.00254808
288	0.00253452
289	0.00248976
290	0.00245782
291	0.00244448
292	0.00244004
293	0.00239816
294	0.00222481
295	0.00222401
296	0.00216669
297	0.00216392
298	0.00212809
299	0.0020954
300	0.00201881
301	0.00199335
302	0.00195017
303	0.00187756
304	0.00187632
305	0.00186766
306	0.00179542
307	0.0017763
308	0.00177611
309	0.00175148
310	0.00169307
311	0.00162923
312	0.00160787
313	0.00160768
314	0.00154198
315	0.00153422
316	0.00151161
317	0.0014828
318	0.00145292
319	0.00142168
320	0.0013755
321	0.00136466
322	0.00130032
323	0.00128822
324	0.00116199
325	0.00113368
326	0.00112472
327	0.00112011
328	0.00108783
329	0.00107895
330	0.00106363
331	0.00104863
332	0.00101787
333	0.000961148
334	0.000938526
335	0.000926392
336	0.000926167
337	0.000903886
338	0.000865288
339	0.000856332
340	0.000837675
341	0.00083767
342	0.000835373
343	0.000819228
344	0.000795513
345	0.000790753
346	0.0007785
347	0.000777055
348	0.000770686
349	0.000734641
350	0.000717064
351	0.000707316
352	0.000704887
353	0.000696855
354	0.000657003
355	0.000656975
356	0.000588124
357	0.00057025
358	0.000569876
359	0.000564709
360	0.000559293
361	0.000558999
362	0.000525628
363	0.000515198
364	0.000501396
365	0.000490051
366	0.000483844
367	0.000472635
368	0.0004711
369	0.000468972
370	0.00046806
371	0.000463013
372	0.000460209
373	0.000451227
374	0.000427296
375	0.000423743
376	0.00042027
377	0.00039636
378	0.000396128
379	0.000389136
380	0.000389025
381	0.000384722
382	0.000383271
383	0.000380237
384	0.00037984
385	0.000379811
386	0.000359268
387	0.000352395
388	0.00034598
389	0.000338842
390	0.000337142
391	0.000326691
392	0.000326268
393	0.000322021
394	0.000320733
395	0.000320622
396	0.000316185
397	0.000315062
398	0.000312216
399	0.000311869
400	0.000303126
401	0.000288654
402	0.000285885
403	0.000284199
404	0.00027838
405	0.00027431
406	0.000268203
407	0.000265531
408	0.000262592
409	0.00025803
410	0.000256296
411	0.000255599
412	0.000251386
413	0.000249133
414	0.00024847
415	0.000227302
416	0.000226935
417	0.000226677
418	0.000225322
419	0.000218655
420	0.000211666
421	0.000211156
422	0.000209846
423	0.000209325
424	0.000207078
425	0.000206387
426	0.000206258
427	0.000199687
428	0.00019868
429	0.000196143
430	0.0001953
431	0.000193626
432	0.00019143
433	0.000190658
434	0.000188222
435	0.000187635
436	0.000181825
437	0.000175116
438	0.000167295
439	0.000165172
440	0.000159709
441	0.000150055
442	0.000149033
443	0.000143562
444	0.000141902
445	0.00014052
446	0.00014046
447	0.000133457
448	0.00012876
449	0.000127438
450	0.000123253
451	0.000122623
452	0.000121336
453	0.000118698
454	0.000115815
455	0.000114686
456	0.000113982
457	0.00011092
458	0.000110426
459	0.000106809
460	0.000103144
461	0.000102199
462	0.000100166
463	9.59109e-05
464	9.47435e-05
465	9.20698e-05
466	9.11736e-05
467	9.10974e-05
468	8.75933e-05
469	8.57316e-05
470	8.56536e-05
471	8.42779e-05
472	8.36408e-05
473	8.08108e-05
474	7.97278e-05
475	7.72554e-05
476	7.60955e-05
477	7.46319e-05
478	7.41794e-05
479	7.34795e-05
480	7.30685e-05
481	7.21227e-05
482	6.89758e-05
483	6.70844e-05
484	6.70323e-05
485	6.69397e-05
486	6.62254e-05
487	6.60699e-05
488	6.54323e-05
489	6.26919e-05
490	6.24239e-05
491	5.9684e-05
492	5.93037e-05
493	5.89949e-05
494	5.78845e-05
495	5.78701e-05
496	5.54055e-05
497	5.54037e-05
498	5.51129e-05
499	5.49519e-05
500	5.48739e-05
501	5.37397e-05
502	5.23224e-05
503	5.17697e-05
504	5.09398e-05
505	4.93384e-05
506	4.7882e-05
507	4.67124e-05
508	4.53789e-05
509	4.48235e-05
510	4.43379e-05
511	4.42446e-05
512	4.31715e-05
513	4.28434e-05
514	4.25124e-05
515	4.22772e-05
516	4.11336e-05
517	4.00856e-05
518	3.9769e-05
519	3.86308e-05
520	3.77111e-05
521	3.70581e-05
522	3.66083e-05
523	3.65063e-05
524	3.64992e-05
525	3.64885e-05
526	3.56807e-05
527	3.52315e-05
528	3.50979e-05
529	3.45604e-05
530	3.41122e-05
531	3.316e-05
532	3.31444e-05
533	3.2463e-05
534	3.24388e-05
535	3.24152e-05
536	3.24043e-05
537	3.26721e-05
538	3.24423e-05
539	3.11643e-05
540	3.01686e-05
541	2.99764e-05
542	2.78746e-05
543	2.75677e-05
544	2.75443e-05
545	2.62462e-05
546	2.56084e-05
547	2.55729e-05
548	2.5097e-05
549	2.35891e-05
550	2.30839e-05
551	2.30162e-05
552	2.2832e-05
553	2.26104e-05
554	2.1682e-05
555	2.16698e-05
556	2.09706e-05
557	2.03583e-05
558	2.03391e-05
559	1.93648e-05
560	1.93524e-05
561	1.89619e-05
562	1.89514e-05
563	1.86924e-05
564	1.863e-05
565	1.86337e-05
566	1.85792e-05
567	1.80367e-05
568	1.8019e-05
569	1.77043e-05
570	1.75738e-05
571	1.71497e-05
572	1.6902e-05
573	1.64697e-05
574	1.64351e-05
575	1.56442e-05
576	1.56389e-05
577	1.55884e-05
578	1.55704e-05
579	1.53738e-05
580	1.46639e-05
581	1.43698e-05
582	1.42883e-05
583	1.40958e-05
584	1.38354e-05
585	1.34601e-05
586	1.32245e-05
587	1.31947e-05
588	1.30507e-05
589	1.27858e-05
590	1.27635e-05
591	1.27297e-05
592	1.2706e-05
593	1.24413e-05
594	1.24011e-05
595	1.22414e-05
596	1.21446e-05
597	1.19898e-05
598	1.19754e-05
599	1.1514e-05
600	1.13865e-05
601	1.11503e-05
602	1.11106e-05
603	1.10323e-05
604	1.10321e-05
605	1.08341e-05
606	1.06992e-05
607	1.06669e-05
608	9.65529e-06
609	9.58267e-06
610	9.27379e-06
611	9.26718e-06
612	9.26605e-06
613	9.11596e-06
614	8.99577e-06
615	8.5157e-06
616	8.43176e-06
617	8.32425e-06
618	8.10121e-06
619	8.07108e-06
620	8.04453e-06
621	8.04008e-06
622	8.01197e-06
623	7.9794e-06
624	7.82439e-06
625	7.73052e-06
626	7.69794e-06
627	7.66787e-06
628	7.57066e-06
629	7.51702e-06
630	7.50751e-06
631	7.39975e-06
632	7.39754e-06
633	7.37215e-06
634	7.36478e-06
635	7.34951e-06
636	6.90001e-06
637	6.89599e-06
638	6.88849e-06
639	6.73955e-06
640	6.52722e-06
641	6.26458e-06
642	6.21342e-06
643	6.18388e-06
644	6.16721e-06
645	5.86281e-06
646	5.4937e-06
647	5.36142e-06
648	5.26643e-06
649	5.21081e-06
650	5.20727e-06
651	5.13573e-06
652	5.07481e-06
653	4.97135e-06
654	4.8491e-06
655	4.8458e-06
656	4.80864e-06
657	4.65568e-06
658	4.54564e-06
659	4.54486e-06
660	4.45942e-06
661	4.35228e-06
662	4.3236e-06
663	4.27844e-06
664	4.20189e-06
665	4.19098e-06
666	4.04561e-06
667	3.99917e-06
668	3.98219e-06
669	3.95877e-06
670	3.87475e-06
671	3.87069e-06
672	3.82102e-06
673	3.81876e-06
674	3.76586e-06
675	3.68173e-06
676	3.67652e-06
677	3.50842e-06
678	3.49241e-06
679	3.47239e-06
680	3.33913e-06
681	3.33642e-06
682	3.21665e-06
683	3.21665e-06
684	3.05746e-06
685	3.05569e-06
686	3.04432e-06
687	2.96225e-06
688	2.87849e-06
689	2.84657e-06
690	2.84341e-06
691	2.84309e-06
692	2.81056e-06
693	2.77503e-06
694	2.5823e-06
695	2.57596e-06
696	2.50933e-06
697	2.46426e-06
698	2.4639e-06
699	2.39755e-06
700	2.39767e-06
701	2.39213e-06
702	2.33899e-06
703	2.31053e-06
704	2.23414e-06
705	2.20647e-06
706	2.19225e-06
707	2.16196e-06
708	2.10261e-06
709	2.04651e-06
710	2.04466e-06
711	2.04046e-06
712	1.97722e-06
713	1.96161e-06
714	1.91674e-06
715	1.89015e-06
716	1.87653e-06
717	1.86699e-06
718	1.83858e-06
719	1.79528e-06
720	1.73869e-06
721	1.69341e-06
722	1.67934e-06
723	1.67896e-06
724	1.62876e-06
725	1.55691e-06
726	1.54385e-06
727	1.52856e-06
728	1.49894e-06
729	1.49498e-06
730	1.49329e-06
731	1.47421e-06
732	1.47405e-06
733	1.47219e-06
734	1.46956e-06
735	1.39912e-06
736	1.34511e-06
737	1.34509e-06
738	1.29781e-06
739	1.29783e-06
740	1.29279e-06
741	1.27079e-06
742	1.25585e-06
743	1.22169e-06
744	1.20653e-06
745	1.19398e-06
746	1.19068e-06
747	1.14987e-06
748	1.10566e-06
749	1.09834e-06
750	1.0734e-06
751	1.06806e-06
752	1.05524e-06
753	1.05179e-06
754	1.04755e-06
755	1.04361e-06
756	1.01438e-06
757	1.0059e-06
758	1.00534e-06
759	9.4219e-07
760	8.99411e-07
761	8.78582e-07
762	8.59697e-07
763	8.4659e-07
764	8.46083e-07
765	8.44454e-07
766	8.26855e-07
767	8.23613e-07
768	8.22528e-07
769	8.22044e-07
770	8.14519e-07
771	8.13384e-07
772	7.90939e-07
773	7.90935e-07
774	7.7909e-07
775	7.48502e-07
776	7.4819e-07
777	7.34387e-07
778	7.30978e-07
779	7.3084e-07
780	7.25153e-07
781	7.21891e-07
782	7.18593e-07
783	7.05114e-07
784	6.8244e-07
785	6.73722e-07
786	6.67538e-07
787	6.60575e-07
788	6.57853e-07
789	6.32349e-07
790	6.31664e-07
791	6.30292e-07
792	6.20383e-07
793	6.18497e-07
794	6.15589e-07
795	6.14768e-07
796	6.13062e-07
797	6.09282e-07
798	6.06048e-07
799	5.66368e-07
800	5.61971e-07
801	5.33741e-07
802	5.29714e-07
803	5.2969e-07
804	5.07355e-07
805	4.86641e-07
806	4.83714e-07
807	4.6038e-07
808	4.51471e-07
809	4.51366e-07
810	4.50321e-07
811	4.5023e-07
812	4.50045e-07
813	4.49762e-07
814	4.4869e-07
815	4.31473e-07
816	4.16636e-07
817	4.15365e-07
818	4.12886e-07
819	4.0896e-07
820	4.03104e-07
821	3.97243e-07
822	3.97211e-07
823	3.74904e-07
824	3.74067e-07
825	3.71536e-07
826	3.6646e-07
827	3.53389e-07
828	3.41224e-07
829	3.40898e-07
830	3.37737e-07
831	3.37184e-07
832	3.2105e-07
833	3.20753e-07
834	3.18583e-07
835	3.18421e-07
836	3.16519e-07
837	3.13361e-07
838	3.11726e-07
839	3.10462e-07
840	3.10001e-07
841	3.07662e-07
842	3.04969e-07
843	3.04808e-07
844	3.04094e-07
845	3.03418e-07
846	2.99217e-07
847	2.91661e-07
848	2.91661e-07
849	2.8367e-07
850	2.81205e-07
851	2.79296e-07
852	2.75397e-07
853	2.59634e-07
854	2.59653e-07
855	2.59541e-07
856	2.59192e-07
857	2.58446e-07
858	2.55393e-07
859	2.382e-07
860	2.36394e-07
861	2.35026e-07
862	2.26993e-07
863	2.26392e-07
864	2.24179e-07
865	2.20691e-07
866	2.19622e-07
867	2.18884e-07
868	2.18688e-07
869	2.18623e-07
870	2.13987e-07
871	2.08556e-07
872	1.9935e-07
873	1.98518e-07
874	1.96592e-07
875	1.94386e-07
876	1.92571e-07
877	1.91164e-07
878	1.86241e-07
879	1.82668e-07
880	1.78528e-07
881	1.78092e-07
882	1.78064e-07
883	1.76028e-07
884	1.68007e-07
885	1.65918e-07
886	1.58426e-07
887	1.58396e-07
888	1.58396e-07
889	1.5845e-07
890	1.54917e-07
891	1.51932e-07
892	1.51819e-07
893	1.51031e-07
894	1.44737e-07
895	1.431e-07
896	1.43455e-07
897	1.41986e-07
898	1.39937e-07
899	1.38328e-07
900	1.31365e-07
901	1.29735e-07
902	1.29075e-07
903	1.27687e-07
904	1.24974e-07
905	1.23699e-07
906	1.24392e-07
907	1.24565e-07
908	1.24355e-07
909	1.21531e-07
910	1.21e-07
911	1.15487e-07
912	1.15291e-07
913	1.13335e-07
914	1.11527e-07
915	1.11229e-07
916	1.08108e-07
917	1.08094e-07
918	1.06344e-07
919	1.06324e-07
920	1.04955e-07
921	1.04332e-07
922	1.03433e-07
923	1.00796e-07
924	9.69338e-08
925	9.69345e-08
926	9.64414e-08
927	9.51531e-08
928	9.15859e-08
929	9.15688e-08
930	9.15688e-08
931	9.15185e-08
932	9.12374e-08
933	9.1192e-08
934	9.09394e-08
935	9.06885e-08
936	9.00554e-08
937	8.90731e-08
938	8.81303e-08
939	8.78028e-08
940	8.59804e-08
941	8.51269e-08
942	8.45148e-08
943	8.30775e-08
944	8.24748e-08
945	8.00476e-08
946	7.93775e-08
947	7.91669e-08
948	7.70957e-08
949	7.69792e-08
950	7.64338e-08
951	7.50868e-08
952	7.50868e-08
953	7.511e-08
954	7.14803e-08
955	6.82952e-08
956	6.79864e-08
957	6.38858e-08
958	6.31741e-08
959	6.24469e-08
960	6.12174e-08
961	6.0483e-08
962	5.9782e-08
963	5.97278e-08
964	5.97334e-08
965	5.87967e-08
966	5.85565e-08
967	5.83577e-08
968	5.7399e-08
969	5.70213e-08
970	5.63094e-08
971	5.05728e-08
972	5.00459e-08
973	4.93104e-08
974	4.93104e-08
975	4.90865e-08
976	4.90315e-08
977	4.90314e-08
978	4.89939e-08
979	4.87127e-08
980	4.84008e-08
981	4.83632e-08
982	4.67799e-08
983	4.66152e-08
984	4.64059e-08
985	4.63752e-08
986	4.57068e-08
987	4.56594e-08
988	4.51636e-08
989	4.50281e-08
990	4.50301e-08
991	4.45183e-08
992	4.44638e-08
993	4.41489e-08
994	4.38021e-08
995	4.31295e-08
996	4.29662e-08
997	4.28873e-08
998	4.2014e-08
999	4.05138e-08
1000	4.05157e-08
