0	2.85328
1	3.96718
2	7.36866
3	7.31417
4	6.16386
5	10.0965
6	27.3581
7	33.6249
8	46.4509
9	46.4062
10	44.7825
11	44.7912
12	44.7746
13	44.7437
14	42.4457
15	41.7698
16	41.8142
17	39.4442
18	35.9697
19	33.9369
20	33.9549
21	33.9549
22	33.6781
23	39.2925
24	39.2879
25	42.981
26	42.9522
27	49.5975
28	49.581
29	39.4523
30	37.7251
31	37.7049
32	37.6397
33	37.5474
34	33.8543
35	33.4751
36	33.0877
37	32.8144
38	32.7714
39	32.6522
40	32.298
41	32.4059
42	32.3623
43	32.358
44	32.0617
45	30.4839
46	29.8767
47	27.5632
48	27.5631
49	27.5533
50	27.5519
51	27.1495
52	27.1459
53	26.5978
54	26.4269
55	26.3788
56	26.3788
57	26.3781
58	25.9845
59	25.2946
60	34.5303
61	34.5124
62	34.141
63	34.1634
64	32.8208
65	32.7632
66	32.5171
67	32.1925
68	32.1729
69	30.6571
70	53.3974
71	53.3741
72	52.9905
73	52.9782
74	50.9347
75	49.421
76	49.378
77	49.3779
78	49.2948
79	48.8242
80	48.8095
81	48.7869
82	48.6558
83	48.1052
84	48.1127
85	48.0869
86	48.0242
87	48.019
88	76.3971
89	75.857
90	90.0647
91	90.0635
92	90.0495
93	89.7385
94	89.7171
95	89.6981
96	89.6896
97	89.5985
98	89.4109
99	89.4101
100	88.4856
101	88.1516
102	87.0552
103	86.7459
104	86.6794
105	96.049
106	90.6635
107	90.6622
108	89.4957
109	89.3037
110	93.6284
111	93.6265
112	93.3964
113	93.1166
114	93.0918
115	93.0595
116	92.7676
117	92.7591
118	92.7462
119	92.7443
120	92.7422
121	92.7034
122	91.8394
123	91.8296
124	91.8294
125	91.737
126	91.7281
127	91.0711
128	91.0508
129	97.7068
130	97.2732
131	97.2219
132	96.7041
133	104.674
134	104.404
135	103.192
136	102.689
137	102.66
138	102.599
139	102.606
140	102.589
141	102.552
142	102.514
143	102.505
144	97.9031
145	97.8958
146	97.858
147	88.6705
148	88.666
149	88.5523
150	86.7724
151	86.7717
152	86.7708
153	86.7241
154	86.399
155	86.3573
156	86.0665
157	85.8197
158	85.0803
159	84.6484
160	84.1681
161	84.1595
162	84.0549
163	84.0447
164	84.0385
165	83.4665
166	82.2329
167	82.2158
168	82.1806
169	81.9561
170	81.9551
171	78.2142
172	75.9678
173	75.428
174	75.3598
175	75.007
176	74.8489
177	74.7718
178	74.2508
179	73.7201
180	73.1223
181	72.6795
182	73.0965
183	72.9295
184	72.9292
185	72.9284
186	72.9283
187	71.8271
188	70.9938
189	70.9752
190	70.9148
191	70.739
192	69.598
193	68.9126
194	68.7052
195	67.7496
196	90.933
197	90.8815
198	93.5934
199	92.9752
200	102.498
201	102.344
202	101.349
203	99.3723
204	99.0218
205	98.9709
206	98.9709
207	97.8886
208	98.886
209	96.0979
210	95.7197
211	95.6962
212	94.9298
213	94.7909
214	94.7632
215	94.6911
216	93.5212
217	93.4821
218	88.269
219	85.6664
220	85.6651
221	85.6645
222	84.5811
223	82.9632
224	79.4376
225	79.4204
226	79.9147
227	79.6928
228	77.9592
229	79.879
230	79.8576
231	79.112
232	77.0494
233	76.2109
234	76.516
235	76.515
236	75.5732
237	79.9327
238	79.4453
239	79.4441
240	73.5454
241	73.5917
242	73.4295
243	76.5902
244	76.5454
245	75.3494
246	75.9391
247	74.5578
248	74.1106
249	74.0941
250	73.9909
251	71.3951
252	70.7979
253	69.3286
254	76.409
255	75.5883
256	78.4256
257	78.4396
258	77.1813
259	77.1813
260	77.1304
261	76.4035
262	76.4
263	76.396
264	75.5855
265	75.4909
266	75.4821
267	75.284
268	75.0484
269	75.0303
270	75.0263
271	74.8918
272	74.8612
273	74.859
274	75.0225
275	75.4694
276	74.51
277	74.318
278	74.3109
279	74.3039
280	74.2975
281	73.4403
282	73.433
283	73.4329
284	72.9601
285	72.9174
286	72.2874
287	72.2424
288	71.506
289	70.5942
290	70.55
291	70.517
292	73.9039
293	77.0125
294	75.7226
295	75.7208
296	75.7196
297	75.4984
298	101.139
299	101.504
300	101.496
301	101.31
302	101.296
303	101.234
304	117.905
305	115.81
306	115.63
307	117.841
308	117.603
309	117.539
310	117.539
311	117.536
312	117.536
313	117.17
314	133.494
315	132.993
316	132.992
317	132.196
318	129.958
319	124.515
320	124.002
321	122.127
322	120.838
323	120.832
324	120.832
325	120.828
326	120.763
327	120.681
328	120.66
329	116.956
330	115.917
331	115.774
332	115.676
333	115.54
334	115.439
335	115.371
336	115.322
337	119.045
338	119.033
339	131.205
340	131.203
341	131.102
342	129.324
343	127.77
344	125.124
345	125.033
346	124.72
347	124.522
348	124.429
349	124.429
350	123.708
351	121.464
352	121.428
353	121.4
354	121.375
355	121.262
356	121.036
357	121.031
358	119.617
359	119.436
360	119.336
361	119.42
362	113.037
363	113.036
364	113.024
365	112.835
366	109.439
367	108.043
368	104.265
369	103.993
370	103.846
371	103.827
372	103.781
373	103.767
374	102.969
375	102.682
376	98.9198
377	97.4007
378	96.5699
379	96.3733
380	96.2961
381	96.2197
382	96.1699
383	96.1546
384	96.1467
385	96.5066
386	96.226
387	95.1358
388	94.9241
389	94.9215
390	94.8963
391	96.2678
392	95.3328
393	95.2511
394	95.2017
395	95.0255
396	93.777
397	93.7543
398	93.6693
399	93.665
400	102.636
401	102.58
402	102.574
403	101.53
404	101.529
405	104.39
406	104.402
407	104.363
408	104.328
409	104.335
410	203.939
411	203.908
412	203.744
413	203.732
414	203.732
415	201.038
416	200.503
417	200.45
418	200.413
419	200.081
420	200.08
421	200.011
422	199.814
423	199.798
424	199.738
425	179.943
426	179.943
427	179.048
428	179.034
429	176.81
430	169.571
431	169.369
432	167.6
433	167.513
434	166.119
435	165.458
436	164.5
437	164.39
438	164.387
439	147.742
440	146.8
441	146.137
442	146.107
443	146.106
444	143.567
445	143.558
446	143.136
447	142.714
448	143.757
449	160.282
450	160.134
451	159.037
452	159.037
453	159.035
454	158.636
455	158.618
456	180.263
457	179.625
458	177.115
459	177
460	175.631
461	174.933
462	170.918
463	170.916
464	170.326
465	169.707
466	169.205
467	168.813
468	168.175
469	168.16
470	168.156
471	168.045
472	167.841
473	167.834
474	167.821
475	167.77
476	167.77
477	167.77
478	167.722
479	167.695
480	164.872
481	163.819
482	163.812
483	162.902
484	162.877
485	159.588
486	159.277
487	159.27
488	157.562
489	157.562
490	157.928
491	156.524
492	152.975
493	152.83
494	152.829
495	150.433
496	149.192
497	149.179
498	145.643
499	145.625
500	144.932
501	144.879
502	144.469
503	143.519
504	143.516
505	143.509
506	140.924
507	140.924
508	140.909
509	140.854
510	136.094
511	133.718
512	133.715
513	135.211
514	134.319
515	133.838
516	132.204
517	131.204
518	129.16
519	128.681
520	124.649
521	124.624
522	123.091
523	118.782
524	118.258
525	118.143
526	118.131
527	115.234
528	114.564
529	114.564
530	114.531
531	114.484
532	113.795
533	110.706
534	110.674
535	110.202
536	109.803
537	109.797
538	109.597
539	109.58
540	109.579
541	109.56
542	109.178
543	108.785
544	108.308
545	107.609
546	107.547
547	107.446
548	107.445
549	106.853
550	105.975
551	105.975
552	104.971
553	104.392
554	103.21
555	102.125
556	101.829
557	99.9632
558	99.9276
559	99.0338
560	99.0302
561	104.115
562	103.278
563	102.329
564	100.631
565	100.336
566	98.1263
567	96.8939
568	95.1998
569	95.0119
570	94.9942
571	94.1951
572	93.7376
573	95.0182
574	94.7596
575	105.093
576	103.95
577	103.938
578	111.001
579	104.069
580	101.589
581	101.255
582	100.889
583	100.473
584	100.473
585	100.446
586	98.9674
587	100.837
588	100.782
589	100.832
590	115.525
591	122.475
592	122.4
593	122.399
594	122.397
595	122.393
596	122.364
597	122.33
598	120.964
599	120.96
600	120.952
601	120.952
602	119.221
603	119.226
604	118.215
605	118.355
606	117.469
607	117.335
608	121.693
609	121.667
610	119.268
611	119.264
612	119.249
613	119.207
614	118.137
615	118.816
616	118.544
617	125.672
618	125.6
619	125.556
620	124.612
621	124.569
622	124.278
623	124.245
624	124.244
625	124.225
626	119.07
627	119.031
628	119.026
629	118.5
630	118.448
631	118.424
632	122.829
633	122.809
634	122.786
635	130.372
636	130.26
637	130.282
638	130.21
639	129.245
640	127.844
641	126.342
642	124.617
643	124.603
644	124.439
645	121.451
646	121.424
647	120.862
648	120.811
649	120.805
650	120.794
651	120.053
652	121.547
653	119.122
654	119.121
655	118.999
656	118.737
657	114.321
658	114.318
659	114.318
660	114.102
661	114.052
662	113.468
663	113.426
664	113.395
665	112.406
666	113.311
667	111.642
668	110.924
669	110.921
670	110.893
671	110.89
672	110.654
673	110.644
674	110.199
675	109.756
676	109.702
677	109.687
678	109.588
679	110.993
680	110.993
681	130.218
682	130.218
683	129.486
684	120.529
685	118.849
686	118.824
687	118.536
688	118.88
689	118.879
690	118.804
691	117.925
692	117.312
693	117.312
694	117.187
695	116.721
696	116.642
697	116.502
698	116.502
699	116.492
700	115.451
701	115.155
702	114.775
703	114.638
704	113.478
705	109.436
706	109.114
707	108.696
708	104.272
709	102.19
710	123.999
711	123.998
712	128.683
713	128.673
714	125.544
715	120.885
716	120.876
717	120.631
718	120.354
719	117.386
720	117.802
721	117.727
722	116.98
723	116.927
724	116.877
725	116.367
726	116.076
727	114.673
728	108.999
729	110.02
730	110.956
731	110.39
732	109.759
733	108.282
734	108.259
735	108.333
736	108.329
737	107.44
738	107.44
739	107.435
740	106.173
741	105.843
742	105.293
743	105.102
744	105.052
745	104.792
746	104.785
747	104.747
748	104.641
749	100.827
750	97.3525
751	97.0549
752	96.9171
753	96.9171
754	99.0269
755	99.0519
756	98.9736
757	98.9735
758	96.1931
759	95.9695
760	95.9567
761	95.5928
762	95.2925
763	93.7539
764	96.4421
765	96.1966
766	95.0187
767	92.6817
768	92.5574
769	91.9362
770	91.936
771	91.6062
772	91.5191
773	91.5184
774	91.3525
775	91.3515
776	91.1419
777	91.1248
778	96.9252
779	96.07
780	96.0576
781	96.0511
782	94.9214
783	93.53
784	93.0186
785	92.1542
786	90.5516
787	90.5516
788	89.9057
789	89.9028
790	88.4171
791	90.1009
792	90.0766
793	90.0213
794	90.0202
795	89.7752
796	89.7192
797	87.7899
798	87.6596
799	87.6594
800	87.6387
801	87.5686
802	87.5684
803	86.0229
804	86.0196
805	85.6956
806	85.564
807	86.5717
808	83.3402
809	82.0765
810	80.9164
811	79.9207
812	79.7416
813	79.5025
814	79.0749
815	82.7514
816	83.6943
817	83.5972
818	83.5878
819	83.2806
820	82.6423
821	82.6225
822	82.5931
823	82.5943
824	82.594
825	82.3772
826	82.3434
827	81.8991
828	80.1278
829	79.6739
830	78.3144
831	85.003
832	84.9136
833	85.0674
834	85.0114
835	85.9318
836	85.7915
837	85.7818
838	85.1447
839	88.0964
840	87.9517
841	114.052
842	112.547
843	112.515
844	106.066
845	106.06
846	105.884
847	103.748
848	103.743
849	102.314
850	115.027
851	115.026
852	114.964
853	113.05
854	117.869
855	117.417
856	117.421
857	117.421
858	126.536
859	124.905
860	124.183
861	124.183
862	124.064
863	124.057
864	122.509
865	121.761
866	121.649
867	113.596
868	113.52
869	112.529
870	112.504
871	112.503
872	112.19
873	110.953
874	109.481
875	109.357
876	109.355
877	108.587
878	106.877
879	106.441
880	106.438
881	106.421
882	106.411
883	105.731
884	109.601
885	109.422
886	108.51
887	108.51
888	108.507
889	108.501
890	108.375
891	108.374
892	113.201
893	106.789
894	106.789
895	105.462
896	104.853
897	104.339
898	103.906
899	103.191
900	102.026
901	102.252
902	102.174
903	101.951
904	100.881
905	100.597
906	100.219
907	100.111
908	100.008
909	101.66
910	95.5681
911	94.9692
912	94.6531
913	94.3459
914	92.4034
915	92.4005
916	91.9505
917	91.9505
918	91.9428
919	91.1237
920	89.8527
921	85.2023
922	82.4587
923	81.3333
924	81.2126
925	79.4772
926	78.7126
927	78.6413
928	90.6644
929	90.2629
930	90.2544
931	90.1284
932	87.9987
933	87.7058
934	92.2288
935	90.6145
936	88.0408
937	85.3677
938	83.2791
939	83.0157
940	82.9161
941	82.4106
942	84.8944
943	84.8752
944	84.8226
945	89.2037
946	88.1952
947	87.8932
948	87.8898
949	87.7515
950	83.6573
951	83.6573
952	83.6566
953	83.6564
954	83.2696
955	82.492
956	82.2893
957	76.9307
958	77.9879
959	79.7471
960	78.7567
961	78.716
962	78.6984
963	78.6826
964	78.6547
965	76.5265
966	76.0863
967	75.9177
968	75.9921
969	74.4383
970	74.3619
971	74.2799
972	71.1035
973	71.0497
974	71.0115
975	70.9874
976	70.9864
977	70.9524
978	70.9496
979	85.393
980	85.3858
981	84.0226
982	84.0225
983	84.0099
984	77.6507
985	77.6169
986	76.9279
987	110.658
988	106.046
989	105.982
990	105.916
991	103.726
992	120.589
993	120.654
994	132.526
995	123.452
996	123.452
997	123.419
998	119.556
999	115.075
1000	111.509
