0	2.85328
1	3.38482
2	7.95802
3	7.80762
4	7.71122
5	7.7111
6	7.88846
7	7.7475
8	7.51494
9	7.51406
10	7.85157
11	106.907
12	125.179
13	125.164
14	118.184
15	117.964
16	76.0437
17	73.6454
18	73.5505
19	72.9625
20	72.9623
21	72.9623
22	72.9431
23	102.545
24	102.544
25	101.008
26	101.007
27	93.6967
28	93.6957
29	95.0502
30	78.9335
31	78.59
32	78.463
33	78.4391
34	76.4549
35	76.4542
36	75.9067
37	75.176
38	69.9489
39	69.6588
40	69.6517
41	69.7165
42	69.7065
43	69.7064
44	68.7658
45	68.112
46	67.7178
47	69.2067
48	69.2067
49	69.2057
50	69.2057
51	69.0768
52	69.0768
53	68.3959
54	68.3892
55	68.3489
56	68.3489
57	68.3488
58	68.5085
59	67.971
60	67.8273
61	67.8257
62	67.476
63	67.4353
64	66.897
65	66.8903
66	63.9853
67	63.9505
68	63.9479
69	63.8383
70	63.773
71	63.767
72	68.3204
73	68.3204
74	68.1673
75	66.6478
76	66.6453
77	66.6453
78	66.5873
79	66.5572
80	66.5557
81	66.468
82	66.4528
83	63.9478
84	63.5923
85	63.5917
86	63.4092
87	63.4092
88	62.849
89	62.8352
90	62.8336
91	62.8336
92	62.8328
93	62.8238
94	62.8232
95	62.6728
96	62.6725
97	62.6627
98	62.6624
99	59.9452
100	59.9453
101	59.6341
102	56.5407
103	56.4959
104	55.5435
105	56.0852
106	55.8668
107	55.8667
108	55.6446
109	55.6134
110	57.0049
111	57.0049
112	56.9184
113	56.9161
114	56.9123
115	56.9123
116	56.6542
117	56.6507
118	56.65
119	56.65
120	56.6033
121	56.5986
122	56.5165
123	56.5146
124	56.5146
125	56.5142
126	56.5135
127	57.9927
128	57.9926
129	60.8871
130	60.7507
131	60.7469
132	60.7467
133	60.6562
134	60.6242
135	57.766
136	57.7039
137	57.7039
138	57.6991
139	58.4988
140	58.4955
141	58.4778
142	58.4773
143	58.4773
144	58.4735
145	58.4731
146	58.4708
147	58.6114
148	58.6114
149	58.5876
150	58.3683
151	58.3682
152	58.3682
153	58.3681
154	58.3323
155	58.3317
156	58.3106
157	58.2628
158	57.5541
159	57.5503
160	57.4776
161	57.4769
162	57.4532
163	57.4532
164	57.453
165	57.1809
166	67.2796
167	67.2793
168	67.279
169	67.277
170	67.277
171	66.6886
172	66.4408
173	64.1712
174	64.1652
175	64.7673
176	64.7557
177	64.7507
178	64.7474
179	64.6906
180	62.4611
181	62.4521
182	62.3833
183	62.2516
184	62.2516
185	62.2516
186	62.2516
187	61.5571
188	61.5043
189	61.5041
190	61.4985
191	61.4582
192	61.414
193	63.694
194	63.659
195	63.3738
196	63.2631
197	62.8578
198	61.058
199	60.9457
200	60.9454
201	60.945
202	60.9183
203	72.8593
204	69.7219
205	69.7218
206	69.7218
207	69.6506
208	77.7302
209	77.5045
210	77.4517
211	77.4484
212	77.4259
213	76.5123
214	76.5097
215	78.1794
216	77.5202
217	77.52
218	80.977
219	80.9771
220	80.977
221	80.977
222	80.9574
223	80.9979
224	104.274
225	104.274
226	99.9594
227	99.9491
228	106.37
229	105.852
230	105.848
231	102.977
232	101.921
233	101.713
234	102.325
235	102.325
236	101.446
237	111.925
238	111.652
239	111.652
240	110.992
241	106.445
242	106.37
243	106.88
244	106.865
245	104.067
246	106.547
247	106.779
248	106.541
249	106.54
250	106.529
251	107.533
252	106.94
253	112.924
254	133.187
255	133.166
256	132.397
257	125.08
258	124.046
259	124.046
260	124.045
261	123.759
262	123.759
263	123.759
264	122.141
265	122.141
266	122.14
267	123.891
268	123.82
269	123.815
270	123.815
271	123.549
272	123.541
273	123.541
274	123.361
275	122.943
276	169.872
277	169.823
278	169.823
279	169.823
280	169.823
281	163.165
282	163.165
283	163.165
284	163.057
285	163.048
286	162.483
287	162.483
288	154.818
289	154.461
290	154.443
291	154.443
292	152.713
293	138.727
294	139.747
295	139.747
296	139.747
297	139.427
298	139.423
299	139.313
300	139.312
301	139.246
302	139.24
303	139.17
304	152.459
305	152.249
306	152.203
307	153.794
308	153.665
309	153.665
310	153.478
311	153.478
312	153.478
313	152.987
314	165.968
315	165.815
316	165.815
317	164.645
318	166.644
319	169.997
320	169.976
321	176.012
322	173.402
323	173.402
324	173.402
325	173.402
326	173.392
327	173.378
328	173.377
329	171.13
330	170.951
331	170.902
332	170.894
333	170.893
334	170.867
335	170.858
336	170.849
337	170.136
338	170.134
339	169.734
340	169.734
341	169.733
342	169.38
343	168.923
344	196.696
345	195.766
346	195.551
347	195.507
348	195.507
349	195.507
350	195.371
351	196.097
352	196.097
353	196.049
354	196.049
355	218.408
356	218.372
357	218.372
358	219.398
359	219.341
360	219.302
361	218.724
362	208.182
363	208.182
364	208.166
365	208.162
366	206.964
367	206.657
368	203.508
369	203.504
370	203.498
371	203.495
372	203.491
373	203.491
374	206.674
375	206.126
376	205.024
377	203.241
378	203.199
379	203.19
380	203.156
381	203.079
382	203.561
383	203.556
384	203.556
385	203.203
386	203.119
387	202.575
388	202.495
389	202.495
390	202.48
391	201.582
392	201.569
393	201.568
394	201.568
395	201.564
396	200.517
397	200.509
398	200.508
399	200.508
400	204.804
401	204.785
402	204.785
403	205.64
404	205.64
405	203.259
406	203.092
407	203.092
408	202.93
409	202.28
410	201.576
411	201.573
412	201.569
413	201.569
414	201.569
415	201.42
416	201.417
417	201.417
418	201.414
419	201.26
420	201.26
421	201.256
422	201.247
423	201.238
424	201.229
425	200.791
426	200.791
427	199.924
428	199.923
429	199.646
430	199.988
431	199.783
432	199.358
433	199.354
434	198.471
435	198.185
436	198.124
437	198.054
438	198.054
439	191.76
440	191.521
441	191.485
442	191.484
443	191.484
444	191.123
445	191.123
446	191.054
447	191.034
448	186.833
449	186.512
450	185.911
451	184.325
452	184.325
453	184.325
454	184.306
455	184.306
456	184.215
457	184.146
458	184.502
459	184.414
460	186.595
461	186.065
462	185.417
463	185.417
464	185.309
465	183.439
466	183.435
467	183.383
468	182.885
469	182.879
470	182.879
471	182.874
472	182.836
473	182.836
474	182.835
475	182.813
476	182.813
477	182.813
478	182.798
479	182.797
480	182.786
481	182.784
482	182.784
483	182.767
484	182.766
485	180.236
486	179.74
487	179.74
488	179.528
489	179.528
490	178.337
491	178.283
492	175.899
493	175.854
494	175.854
495	173.707
496	173.72
497	173.719
498	179.088
499	179.088
500	178.577
501	178.28
502	178.266
503	177.335
504	177.335
505	177.333
506	177.253
507	177.253
508	177.253
509	177.253
510	177.207
511	185.742
512	185.742
513	190.357
514	185.849
515	185.822
516	185.843
517	185.703
518	184.457
519	180.987
520	177.718
521	177.715
522	185.687
523	196.567
524	195.878
525	195.374
526	195.374
527	185.164
528	185.118
529	185.118
530	185.117
531	185.115
532	185.086
533	184.969
534	184.968
535	184.782
536	184.769
537	184.769
538	184.761
539	184.761
540	184.761
541	184.76
542	184.577
543	183.934
544	183.875
545	183.24
546	183.238
547	183.235
548	183.235
549	183.208
550	182.912
551	182.912
552	182.81
553	182.795
554	182.707
555	182.873
556	182.746
557	182.573
558	182.573
559	182.257
560	182.257
561	180.469
562	176.679
563	176.169
564	175.671
565	175.648
566	175.787
567	175.597
568	174.354
569	174.051
570	174.051
571	174.009
572	173.803
573	172.559
574	171.811
575	167.532
576	167.458
577	167.458
578	165.481
579	164.95
580	163.916
581	163.456
582	163.317
583	163.041
584	163.041
585	162.998
586	162.518
587	162.379
588	162.368
589	161.709
590	161.684
591	161.28
592	161.276
593	161.276
594	161.276
595	161.275
596	159.125
597	159.124
598	158.608
599	158.608
600	158.608
601	158.608
602	156.315
603	155.821
604	155.711
605	155.519
606	154.982
607	154.981
608	154.012
609	154.011
610	154.513
611	154.513
612	154.512
613	154.512
614	154.076
615	153.8
616	153.687
617	152.622
618	152.618
619	152.615
620	152.44
621	152.435
622	152.374
623	152.372
624	152.372
625	152.372
626	151.054
627	151.049
628	151.049
629	150.813
630	150.811
631	150.811
632	150.098
633	150.098
634	150.097
635	149.936
636	149.935
637	149.188
638	149.175
639	148.767
640	148.225
641	146.592
642	145.205
643	145.205
644	145.205
645	144.575
646	144.575
647	142.734
648	142.733
649	142.733
650	142.733
651	142.137
652	141.949
653	141.268
654	141.268
655	141.101
656	140.995
657	153.446
658	153.446
659	153.446
660	153.347
661	153.347
662	153.347
663	153.341
664	153.341
665	153.309
666	149.26
667	148.812
668	148.457
669	148.457
670	148.452
671	148.452
672	148.424
673	148.424
674	148.099
675	148.372
676	148.334
677	148.334
678	148.193
679	144.992
680	144.992
681	147.983
682	147.983
683	147.922
684	144.769
685	144.526
686	144.514
687	144.51
688	146.513
689	146.513
690	146.175
691	145.974
692	145.868
693	145.868
694	145.859
695	145.819
696	145.819
697	153.649
698	153.649
699	153.649
700	153.285
701	153.187
702	154.441
703	154.432
704	153.633
705	152.711
706	152.514
707	152.485
708	148.715
709	148.552
710	148.469
711	148.469
712	144.041
713	143.831
714	143.532
715	141.69
716	141.69
717	141.664
718	141.574
719	141.118
720	147.771
721	147.771
722	147.763
723	147.757
724	147.748
725	146.603
726	145.619
727	144.265
728	143.68
729	141.999
730	141.07
731	140.436
732	140.432
733	140.394
734	140.391
735	139.385
736	139.385
737	136.509
738	136.509
739	136.509
740	136.107
741	135.847
742	135.966
743	135.954
744	135.951
745	135.95
746	135.95
747	135.95
748	135.941
749	135.8
750	134.92
751	134.668
752	134.668
753	134.668
754	135.01
755	149.386
756	149.384
757	149.384
758	151.124
759	150.952
760	150.952
761	150.523
762	150.512
763	150.29
764	149.027
765	149.021
766	148.831
767	146.892
768	143.704
769	142.866
770	142.866
771	142.859
772	142.857
773	142.857
774	142.804
775	142.804
776	141.669
777	141.668
778	134.79
779	134.774
780	134.774
781	134.773
782	134.978
783	132.682
784	132.425
785	132.339
786	131.669
787	131.669
788	131.482
789	131.482
790	131.57
791	131.569
792	131.569
793	131.518
794	131.518
795	131.509
796	131.509
797	131.495
798	131.475
799	131.475
800	131.471
801	131.467
802	131.467
803	131.454
804	131.454
805	131.453
806	131.447
807	130.947
808	130.735
809	129.653
810	128.214
811	128.136
812	128.131
813	128.066
814	127.684
815	124.36
816	124.939
817	124.938
818	124.938
819	124.787
820	124.714
821	124.7
822	124.699
823	124.627
824	124.627
825	124.577
826	124.576
827	124.119
828	120.03
829	119.961
830	119.434
831	117.326
832	117.325
833	117.305
834	117.249
835	117.483
836	117.478
837	117.478
838	117.372
839	116.171
840	116.169
841	114.95
842	114.805
843	114.7
844	113.746
845	113.746
846	113.732
847	113.499
848	113.499
849	113.493
850	113.441
851	113.441
852	113.433
853	110.708
854	110.835
855	110.79
856	151.416
857	151.416
858	144.986
859	171.234
860	171.209
861	171.209
862	171.17
863	171.17
864	163.472
865	163.457
866	163.454
867	162.695
868	162.693
869	162.477
870	162.472
871	162.472
872	162.469
873	162.396
874	162.223
875	181.864
876	181.864
877	181.522
878	181.388
879	180.863
880	180.863
881	180.845
882	180.843
883	180.836
884	209.604
885	209.554
886	209.134
887	209.134
888	209.134
889	209.485
890	209.473
891	209.473
892	206.034
893	206.007
894	206.007
895	205.85
896	205.586
897	215.959
898	215.904
899	215.604
900	215.411
901	213.39
902	213.387
903	213.378
904	212.961
905	210.452
906	210.447
907	210.342
908	210.338
909	208.247
910	215.314
911	215.83
912	215.801
913	215.269
914	215.733
915	215.732
916	214.62
917	214.62
918	214.619
919	214.429
920	214.049
921	217.762
922	216.022
923	215.164
924	213.982
925	213.035
926	212.986
927	212.978
928	211.766
929	211.366
930	211.365
931	211.198
932	211.154
933	209.921
934	207.534
935	207.395
936	207.253
937	207.209
938	205.994
939	205.629
940	205.625
941	205.36
942	204.656
943	204.655
944	204.648
945	205.405
946	205.222
947	203.871
948	203.871
949	203.828
950	198.254
951	198.254
952	198.254
953	198.254
954	198.142
955	198.113
956	198.097
957	198.613
958	207.626
959	206.611
960	206.039
961	206.035
962	206.035
963	206.034
964	206.026
965	205.845
966	205.733
967	205.727
968	204.814
969	203.637
970	203.637
971	203.06
972	202.879
973	202.868
974	202.866
975	202.866
976	202.866
977	202.736
978	202.736
979	202.719
980	202.718
981	202.348
982	202.348
983	202.348
984	200.226
985	200.217
986	200.085
987	199.696
988	198.959
989	198.922
990	198.917
991	197.753
992	202.203
993	202.316
994	202.132
995	199.004
996	198.882
997	198.882
998	197.519
999	196.803
1000	196.335
