0	3.95887
1	4.90082
2	7.3651
3	7.32135
4	6.4543
5	5.92971
6	16.8406
7	21.2528
8	49.0013
9	48.9835
10	48.9374
11	49.5201
12	49.5166
13	49.5106
14	44.0703
15	44.0055
16	44.7981
17	38.4827
18	39.2005
19	39.0557
20	39.2257
21	39.2257
22	39.1533
23	39.1242
24	39.1241
25	36.1407
26	36.1403
27	36.0732
28	36.0672
29	31.8422
30	31.8209
31	43.1727
32	42.7802
33	42.5477
34	40.6036
35	40.6034
36	39.6675
37	39.5775
38	39.5639
39	39.4432
40	39.3608
41	39.7188
42	39.4574
43	39.454
44	39.3613
45	39.6482
46	39.4329
47	39.4217
48	39.4214
49	39.4212
50	39.2401
51	38.846
52	38.8419
53	38.8187
54	38.7517
55	38.7276
56	38.7276
57	38.7275
58	70.6717
59	74.0869
60	54.8299
61	54.8269
62	54.6602
63	54.7777
64	50.6776
65	50.673
66	50.5384
67	53.7877
68	53.7856
69	53.6666
70	53.6661
71	53.6353
72	50.5632
73	50.5632
74	50.5254
75	52.9762
76	52.9758
77	52.9737
78	52.9709
79	71.5167
80	71.4898
81	71.5862
82	71.0924
83	70.1967
84	69.6544
85	69.6381
86	71.9257
87	71.9216
88	71.8859
89	71.6807
90	70.9973
91	70.924
92	70.8598
93	70.7897
94	70.7888
95	70.2245
96	70.2242
97	70.2242
98	70.186
99	69.9843
100	68.8455
101	68.2701
102	68.2368
103	67.6448
104	66.4186
105	66.0315
106	65.8875
107	65.8875
108	65.2884
109	65.2507
110	64.1565
111	64.1552
112	64.0665
113	64.0196
114	64.0195
115	63.7522
116	63.6619
117	63.6577
118	63.6544
119	63.6543
120	63.6361
121	63.6277
122	63.5603
123	63.5602
124	63.5511
125	70.8226
126	70.8188
127	70.1371
128	70.0882
129	79.0192
130	79.017
131	79.0026
132	69.9412
133	75.9881
134	75.7101
135	75.302
136	73.1547
137	73.0896
138	73.0534
139	71.6505
140	79.6716
141	79.6363
142	79.6345
143	79.6299
144	79.1529
145	88.427
146	88.421
147	88.3521
148	88.349
149	88.3314
150	88.2808
151	88.2801
152	88.2799
153	88.2702
154	88.265
155	87.7213
156	87.8657
157	87.7831
158	88.1284
159	85.1066
160	83.9427
161	83.9418
162	83.0696
163	83.0245
164	83.0217
165	80.5749
166	88.3672
167	88.3656
168	88.364
169	88.2737
170	88.273
171	90.3256
172	84.0965
173	83.2706
174	83.2203
175	83.2198
176	83.2181
177	83.1612
178	83.0351
179	83.0306
180	85.2425
181	84.825
182	80.2401
183	94.1233
184	94.0604
185	94.0599
186	94.0594
187	93.915
188	95.3193
189	95.266
190	95.2605
191	95.0714
192	94.904
193	94.9873
194	94.9642
195	94.9405
196	94.8393
197	93.9072
198	93.8885
199	93.8149
200	93.8052
201	93.732
202	93.2766
203	92.9053
204	91.5844
205	91.4404
206	91.4404
207	101.635
208	100.232
209	100.2
210	100.023
211	99.8933
212	99.8614
213	98.4792
214	98.4591
215	99.1485
216	98.8844
217	98.8723
218	98.742
219	97.9543
220	97.9543
221	97.9542
222	97.9109
223	97.0172
224	96.8754
225	96.8714
226	96.7895
227	96.2801
228	96.9799
229	96.7848
230	96.7847
231	96.3002
232	93.374
233	90.5603
234	90.0707
235	90.0648
236	90.0344
237	89.276
238	89.2485
239	89.2464
240	89.1543
241	89.4008
242	89.256
243	105.669
244	105.677
245	103.373
246	103.205
247	111.793
248	111.614
249	111.6
250	111.588
251	110.845
252	107.91
253	107.885
254	106.977
255	105.694
256	99.6711
257	97.5531
258	97.2402
259	97.2402
260	97.218
261	97.1152
262	97.1148
263	97.1148
264	96.3172
265	96.3162
266	96.3076
267	96.2787
268	95.9009
269	95.895
270	95.8949
271	95.7992
272	95.3715
273	95.3663
274	94.0727
275	93.5873
276	93.5801
277	93.513
278	93.5092
279	93.5092
280	93.4892
281	93.4072
282	93.4069
283	93.4069
284	93.3456
285	93.3456
286	93.1509
287	95.9437
288	95.7587
289	95.585
290	95.5797
291	95.5784
292	89.7619
293	89.53
294	89.1334
295	89.1318
296	89.1312
297	89.0465
298	88.4183
299	87.0001
300	86.9983
301	85.8664
302	85.8651
303	85.8647
304	85.8357
305	85.1916
306	84.1628
307	83.0002
308	82.9291
309	82.9235
310	83.2743
311	83.2742
312	83.2737
313	83.1298
314	106.292
315	105.695
316	105.695
317	106.037
318	102.675
319	101.814
320	101.813
321	100.123
322	99.609
323	99.6088
324	99.6088
325	100.614
326	100.451
327	99.8735
328	99.8587
329	114.377
330	114.375
331	114.266
332	114.264
333	114.26
334	114.006
335	113.8
336	113.789
337	122.575
338	122.465
339	120.418
340	120.416
341	120.408
342	115.537
343	114.907
344	114.699
345	114.676
346	114.667
347	114.393
348	114.34
349	114.339
350	113.86
351	113.348
352	113.338
353	113.336
354	113.324
355	113.308
356	113.157
357	109.342
358	111.453
359	111.435
360	111.275
361	103.975
362	103.859
363	103.858
364	103.855
365	103.77
366	102.326
367	102.291
368	101.433
369	101.253
370	101.16
371	101.149
372	101.148
373	101.148
374	100.788
375	100.065
376	98.3339
377	97.5299
378	97.4263
379	96.6809
380	96.6785
381	96.6753
382	95.9756
383	95.9707
384	95.9225
385	95.5352
386	95.3281
387	94.6665
388	94.388
389	94.3105
390	98.3695
391	97.391
392	97.3775
393	97.3759
394	97.3753
395	97.3259
396	97.3096
397	97.3092
398	104.668
399	104.668
400	104.182
401	104.169
402	104.168
403	103.643
404	103.629
405	105.044
406	104.968
407	104.968
408	104.492
409	104.472
410	182.667
411	182.603
412	182.538
413	182.523
414	182.523
415	182.653
416	182.652
417	182.646
418	182.538
419	182.525
420	182.524
421	181.07
422	176.315
423	176.31
424	175.824
425	166.581
426	166.581
427	166.136
428	166.136
429	166.09
430	166.071
431	166.053
432	165.482
433	165.324
434	165.067
435	162.758
436	162.713
437	162.375
438	162.151
439	157.062
440	156.783
441	156.321
442	156.313
443	156.312
444	155.921
445	155.911
446	155.906
447	155.812
448	155.21
449	155.207
450	153.199
451	152.993
452	152.993
453	152.989
454	152.975
455	152.974
456	152.854
457	152.848
458	152.845
459	153.987
460	160.908
461	159.838
462	159.69
463	159.69
464	159.668
465	158.97
466	158.873
467	158.855
468	158.772
469	158.769
470	158.765
471	154.763
472	155.789
473	155.787
474	155.741
475	155.74
476	155.74
477	155.74
478	155.533
479	155.418
480	155.342
481	155.318
482	155.262
483	155.262
484	155.261
485	155.108
486	155.106
487	155.105
488	154.95
489	154.95
490	152.679
491	151.703
492	151.245
493	151.245
494	151.243
495	149.509
496	148.992
497	148.986
498	148.824
499	148.823
500	148.686
501	146.913
502	146.817
503	146.892
504	146.883
505	146.868
506	146.778
507	146.778
508	146.778
509	146.775
510	145.767
511	142.704
512	142.696
513	142.423
514	140.105
515	138.596
516	138.488
517	134.759
518	133.796
519	133.622
520	133.538
521	133.351
522	133.107
523	132.513
524	132.499
525	130.673
526	130.658
527	126.654
528	126.229
529	126.229
530	126.061
531	126.059
532	125.103
533	123.747
534	123.732
535	123.723
536	122.633
537	122.633
538	122.608
539	122.518
540	122.517
541	122.511
542	122.058
543	121.704
544	121.512
545	119.822
546	119.79
547	119.78
548	119.78
549	119.557
550	122.389
551	122.388
552	122.282
553	121.871
554	121.458
555	120.208
556	119.714
557	119.271
558	119.268
559	118.998
560	118.997
561	118.55
562	117.732
563	117.361
564	118.462
565	118.367
566	116.902
567	115.951
568	115.869
569	112.034
570	112.032
571	110.866
572	110.196
573	109.61
574	110.2
575	106.704
576	106.436
577	106.401
578	111.258
579	110.574
580	110.415
581	110.378
582	142.672
583	139.814
584	139.814
585	139.813
586	139.648
587	135.003
588	134.98
589	134.624
590	134.601
591	133.917
592	133.895
593	133.895
594	133.895
595	133.894
596	132.979
597	132.955
598	132.085
599	132.085
600	132.079
601	132.079
602	141.44
603	134.13
604	134.103
605	133.396
606	130.831
607	130.83
608	140.722
609	140.719
610	139.41
611	139.409
612	139.144
613	139.143
614	138.951
615	139.493
616	138.139
617	138.039
618	138.007
619	137.63
620	137.454
621	137.447
622	144.704
623	144.583
624	144.583
625	144.583
626	144.563
627	144.544
628	144.53
629	144.472
630	144.427
631	144.375
632	143.386
633	143.385
634	143.384
635	143.349
636	143.347
637	143.124
638	143.061
639	143.055
640	144.931
641	144.839
642	144.76
643	144.76
644	144.752
645	144.536
646	144.528
647	144.426
648	143.674
649	143.673
650	143.673
651	143.671
652	143.563
653	142.456
654	142.45
655	142.449
656	140.121
657	136.63
658	136.626
659	136.619
660	136.571
661	138.33
662	138.002
663	138.002
664	137.847
665	193.534
666	192.478
667	192.471
668	192.053
669	192.05
670	191.859
671	191.859
672	191.858
673	191.848
674	191.219
675	182.875
676	182.868
677	182.826
678	170.13
679	169.928
680	169.928
681	169.339
682	169.339
683	168.502
684	167.269
685	166.723
686	166.723
687	166.688
688	164.769
689	164.754
690	164.502
691	164.37
692	168.602
693	168.602
694	168.58
695	168.019
696	168.014
697	160.123
698	160.113
699	160.113
700	159.797
701	159.92
702	159.086
703	159.06
704	158.83
705	158.862
706	158.714
707	157.664
708	153.122
709	163.588
710	197.792
711	197.79
712	192.803
713	192.786
714	192.039
715	184.444
716	184.438
717	184.43
718	184.322
719	185.231
720	207.122
721	207.052
722	209.752
723	209.622
724	209.464
725	209.984
726	209.429
727	206.358
728	203.537
729	202.928
730	199.948
731	197.024
732	199.003
733	198.108
734	198.088
735	198.05
736	198.04
737	196.773
738	196.773
739	196.772
740	195.048
741	193.111
742	193.105
743	193.086
744	193.076
745	193.051
746	193.05
747	192.84
748	192.832
749	192.619
750	192.06
751	191.918
752	191.915
753	191.915
754	191.996
755	190.925
756	190.467
757	190.466
758	191.351
759	188.913
760	188.888
761	189.926
762	189.545
763	183.969
764	183.927
765	183.909
766	183.105
767	184.037
768	179.876
769	179.551
770	179.551
771	178.249
772	178.22
773	178.219
774	178.088
775	178.009
776	177.979
777	177.94
778	179.962
779	179.239
780	179.238
781	179.238
782	177.432
783	174.007
784	173.759
785	173.584
786	172.274
787	172.274
788	170.679
789	170.678
790	170.53
791	165.787
792	165.776
793	165.397
794	165.395
795	164.743
796	164.729
797	164.665
798	164.586
799	164.578
800	164.575
801	164.426
802	164.426
803	164.107
804	164.106
805	164.102
806	164.041
807	163.62
808	160.419
809	159.773
810	159.54
811	159.513
812	159.499
813	159.498
814	157.284
815	157.161
816	157.018
817	156.842
818	156.842
819	156.787
820	156.497
821	156.395
822	156.235
823	156.115
824	156.104
825	153.789
826	152.951
827	152.785
828	152.609
829	152.138
830	151.707
831	151.087
832	150.965
833	150.966
834	150.947
835	149.265
836	149.265
837	149.212
838	160.565
839	160.431
840	160.431
841	160.981
842	159.11
843	169.075
844	168.498
845	168.497
846	165.386
847	164.926
848	164.478
849	164.126
850	178.958
851	178.958
852	178.957
853	182.246
854	178.037
855	175.359
856	175.251
857	175.251
858	171.012
859	171.006
860	175.66
861	175.66
862	175.657
863	175.657
864	175.607
865	175.524
866	175.52
867	164.623
868	164.353
869	162.163
870	162.121
871	162.117
872	179.407
873	179.712
874	179.52
875	178.296
876	178.296
877	178.221
878	177.51
879	177.499
880	177.497
881	177.497
882	177.488
883	177.378
884	176.672
885	176.346
886	176.121
887	176.121
888	176.119
889	176.142
890	174.357
891	174.357
892	174.321
893	174.82
894	174.82
895	174.325
896	174.309
897	174.305
898	174.234
899	173.957
900	173.005
901	173.018
902	173.015
903	168.769
904	172.75
905	170.139
906	166.958
907	166.603
908	166.589
909	163.403
910	161.751
911	161.177
912	161.967
913	157.57
914	153.385
915	153.385
916	153.145
917	153.145
918	153.144
919	153.134
920	152.935
921	153.412
922	151.862
923	150.277
924	151.372
925	151.078
926	150.328
927	150.207
928	149.667
929	149.42
930	149.289
931	149.226
932	150.306
933	149.737
934	147.016
935	144.562
936	142.744
937	144.177
938	143.814
939	143.68
940	143.656
941	143.551
942	142.008
943	142
944	141.973
945	152.882
946	151.821
947	151.291
948	151.291
949	151.268
950	148.586
951	148.586
952	148.584
953	148.584
954	148.511
955	146.579
956	146.009
957	148.099
958	149.406
959	150.261
960	148.127
961	148.052
962	147.922
963	147.901
964	147.82
965	143.678
966	144.472
967	144.01
968	143.77
969	153.693
970	153.509
971	152.448
972	155.471
973	155.429
974	155.15
975	155.149
976	155.147
977	155.143
978	155.142
979	154.927
980	154.927
981	154.297
982	154.297
983	154.295
984	152.626
985	152.619
986	151.247
987	151.245
988	151.141
989	151.134
990	151.118
991	147.362
992	146.479
993	146.093
994	143.673
995	138.981
996	135.825
997	135.807
998	137.422
999	137.183
1000	137.188
