0	3.95887
1	2.49546
2	3.82206
3	3.81055
4	3.80736
5	3.80725
6	4.01146
7	3.84629
8	3.78099
9	3.78093
10	3.62036
11	50.3199
12	61.2573
13	61.2557
14	51.4924
15	51.492
16	32.208
17	26.9696
18	26.7094
19	28.885
20	26.8472
21	26.8472
22	26.8442
23	26.8263
24	26.8263
25	27.9549
26	27.9549
27	27.9485
28	27.9484
29	26.3064
30	26.3036
31	24.7653
32	24.748
33	24.737
34	24.2048
35	24.2048
36	23.9546
37	23.9119
38	23.9113
39	22.6562
40	22.656
41	22.5481
42	22.4125
43	22.4123
44	22.4028
45	21.8163
46	21.7613
47	21.6991
48	21.6991
49	21.6991
50	21.6889
51	21.6848
52	21.6848
53	21.6266
54	21.6238
55	21.6211
56	21.6211
57	21.6211
58	21.62
59	21.5138
60	22.1948
61	22.1948
62	22.1532
63	22.1446
64	22.3465
65	22.3464
66	22.3221
67	21.5738
68	21.5738
69	21.5685
70	21.5684
71	21.5623
72	21.5498
73	21.5498
74	21.5444
75	21.5444
76	21.5443
77	21.5443
78	21.5443
79	21.5439
80	21.5435
81	21.2723
82	22.3492
83	22.228
84	22.2141
85	22.213
86	21.9377
87	21.9377
88	21.9373
89	21.9348
90	30.0216
91	30.0216
92	29.993
93	29.5764
94	29.5764
95	29.5696
96	29.5696
97	29.5696
98	29.5523
99	29.4351
100	29.4137
101	29.0925
102	29.0924
103	29.089
104	28.3138
105	28.2952
106	28.2986
107	28.2986
108	27.8373
109	27.8363
110	27.8302
111	27.8302
112	27.8288
113	27.8287
114	27.8287
115	27.8284
116	27.8254
117	27.8248
118	27.8248
119	27.8248
120	27.8246
121	27.8241
122	40.6153
123	40.6153
124	40.6153
125	41.4937
126	41.4935
127	41.6694
128	41.6661
129	50.241
130	50.2409
131	50.2405
132	50.2392
133	49.7466
134	49.4785
135	49.0981
136	48.7387
137	48.7385
138	48.7385
139	49.0089
140	54.5245
141	54.5238
142	54.5238
143	54.5237
144	54.4718
145	45.7115
146	45.7111
147	45.7088
148	45.7088
149	45.7085
150	45.7058
151	45.7058
152	45.7058
153	45.7058
154	45.7057
155	45.6502
156	45.6423
157	45.6308
158	45.6077
159	45.5352
160	45.5212
161	45.5212
162	45.3786
163	45.3785
164	45.3784
165	47.3559
166	47.3572
167	47.3572
168	47.3572
169	47.3553
170	47.3552
171	47.3711
172	46.2678
173	46.2563
174	46.2325
175	46.2325
176	46.2325
177	46.2225
178	46.2224
179	46.2224
180	46.1308
181	46.129
182	46.0567
183	44.9275
184	44.9235
185	44.9234
186	44.9234
187	44.9106
188	44.2613
189	44.2609
190	44.2607
191	44.0937
192	44.0924
193	43.8934
194	43.8924
195	43.6506
196	43.5017
197	42.9342
198	42.7808
199	42.7785
200	42.7751
201	42.7751
202	42.7648
203	42.7607
204	42.8191
205	42.8189
206	42.8189
207	42.8171
208	44.0305
209	44.0299
210	44.0225
211	43.8527
212	43.8525
213	45.9709
214	45.9688
215	46.1208
216	45.9487
217	45.9485
218	45.9426
219	45.9287
220	45.9287
221	45.9287
222	45.9286
223	45.8016
224	45.8014
225	45.8014
226	45.8012
227	45.719
228	48.0691
229	47.9942
230	47.9942
231	47.9513
232	48.1854
233	54.5494
234	54.2677
235	54.2676
236	54.2674
237	54.2231
238	54.2229
239	54.2228
240	54.2127
241	54.5803
242	54.5754
243	60.0887
244	60.1818
245	60.1817
246	60.1616
247	60.1593
248	59.9643
249	59.9642
250	59.9638
251	59.8912
252	59.1477
253	59.1067
254	59.1011
255	59.0962
256	58.6685
257	57.3582
258	62.7973
259	62.7973
260	62.7972
261	62.789
262	62.789
263	62.789
264	59.098
265	59.098
266	59.0978
267	59.0744
268	59.0734
269	59.0733
270	59.0733
271	58.289
272	64.0466
273	64.0465
274	63.7703
275	63.764
276	63.764
277	63.7609
278	63.7609
279	63.7609
280	63.7609
281	63.0578
282	63.0578
283	63.0578
284	63.0282
285	63.0282
286	63.0157
287	61.6962
288	56.3545
289	56.3492
290	56.3491
291	56.3491
292	55.8713
293	55.8553
294	58.5604
295	58.5604
296	58.5604
297	58.5541
298	70.4377
299	70.2568
300	70.2568
301	72.4746
302	72.4744
303	72.4744
304	72.4721
305	72.469
306	72.4685
307	73.3666
308	73.3514
309	73.3514
310	73.1626
311	73.1626
312	73.1626
313	73.1518
314	73.1002
315	73.0308
316	73.0308
317	73.0186
318	72.991
319	72.8756
320	72.8756
321	69.9741
322	69.972
323	69.972
324	69.972
325	69.6487
326	69.6424
327	69.3278
328	69.3274
329	68.979
330	68.979
331	68.9427
332	68.9427
333	68.9427
334	69.489
335	69.4662
336	69.4659
337	67.216
338	67.2035
339	67.2013
340	67.2011
341	67.2009
342	72.5833
343	72.1723
344	72.1518
345	72.1515
346	72.1446
347	72.1116
348	72.1111
349	72.1111
350	71.9559
351	71.3666
352	71.3666
353	71.3666
354	71.3666
355	74.7223
356	74.7162
357	74.3327
358	74.4813
359	74.4811
360	74.4664
361	73.9497
362	70.7174
363	70.7174
364	70.7173
365	70.7168
366	70.5765
367	70.5759
368	70.5347
369	70.5234
370	70.5154
371	70.5153
372	70.5153
373	70.5153
374	70.5068
375	70.4845
376	70.3421
377	70.0552
378	70.0538
379	70.0307
380	70.0306
381	70.0305
382	70.1984
383	70.1981
384	70.1981
385	70.1974
386	70.1419
387	69.7447
388	69.685
389	69.6837
390	69.2117
391	69.2016
392	69.2016
393	69.2016
394	69.2016
395	69.199
396	69.199
397	69.199
398	69.0765
399	69.0765
400	69.7161
401	69.7137
402	69.7137
403	69.1016
404	69.1015
405	68.1009
406	68.097
407	68.097
408	67.7903
409	67.7424
410	67.7368
411	67.7286
412	67.7277
413	67.7273
414	67.7273
415	67.5421
416	67.5421
417	67.5421
418	67.5404
419	67.5393
420	67.5393
421	66.9739
422	66.3585
423	66.3585
424	66.2522
425	65.994
426	65.994
427	65.9881
428	65.9855
429	65.9825
430	66.272
431	66.2696
432	66.1234
433	66.1183
434	65.9466
435	65.9129
436	65.9127
437	65.9101
438	65.909
439	65.3918
440	65.3657
441	65.357
442	65.3562
443	65.3562
444	65.3442
445	65.3442
446	65.3401
447	64.8706
448	64.7158
449	64.7158
450	64.6067
451	64.24
452	64.24
453	64.24
454	64.2399
455	64.2399
456	64.2394
457	64.2389
458	64.1881
459	63.9659
460	63.7537
461	63.6882
462	63.688
463	63.688
464	63.6879
465	63.3247
466	63.3246
467	63.3246
468	63.3072
469	63.3071
470	63.3071
471	63.7801
472	63.482
473	63.482
474	63.4786
475	63.4786
476	63.4786
477	63.4786
478	63.4405
479	63.44
480	63.438
481	63.438
482	63.4378
483	63.4378
484	63.4378
485	63.4211
486	63.4211
487	63.4211
488	63.4184
489	63.4184
490	63.3612
491	63.3387
492	63.1516
493	63.1516
494	63.1516
495	63.0859
496	63.2712
497	63.271
498	63.2612
499	63.2612
500	63.2419
501	70.0582
502	70.046
503	68.3498
504	68.3496
505	68.3492
506	68.3491
507	68.3491
508	68.3491
509	68.3491
510	68.3416
511	87.0452
512	87.045
513	87.0167
514	85.6209
515	85.4886
516	85.4864
517	85.0265
518	85.6617
519	85.5201
520	85.5149
521	85.5036
522	97.2522
523	94.2787
524	92.0303
525	91.5517
526	91.5516
527	90.9944
528	90.9346
529	90.9346
530	90.9285
531	90.9285
532	90.8784
533	90.8738
534	90.8738
535	90.8724
536	90.7218
537	90.7218
538	90.7217
539	90.6807
540	90.6807
541	90.6803
542	90.3264
543	90.0869
544	90.0838
545	90.0091
546	90.0088
547	90.0088
548	90.0088
549	90.0082
550	89.6794
551	89.6794
552	89.6786
553	89.6758
554	89.6743
555	89.637
556	89.6281
557	89.624
558	89.624
559	89.591
560	89.591
561	88.3224
562	88.2821
563	88.2556
564	87.6989
565	87.6949
566	86.5528
567	86.5419
568	86.4485
569	86.5334
570	86.5334
571	85.4204
572	85.2393
573	84.8513
574	84.6171
575	84.5897
576	84.5788
577	84.5781
578	85.6729
579	85.7163
580	85.7114
581	85.6155
582	85.6022
583	84.0398
584	84.0398
585	84.0397
586	84.0122
587	82.5391
588	82.539
589	82.5385
590	82.5383
591	82.4453
592	82.4451
593	82.4451
594	82.4451
595	82.445
596	82.2083
597	82.2072
598	82.0838
599	82.0838
600	82.0838
601	82.0838
602	81.1012
603	81.0403
604	81.0399
605	81.8322
606	80.6954
607	80.6954
608	80.5051
609	80.5051
610	78.8985
611	78.8983
612	78.8891
613	78.8891
614	78.8614
615	77.0375
616	76.4669
617	76.463
618	76.4617
619	76.4197
620	76.397
621	76.3968
622	76.6797
623	76.6292
624	76.6292
625	76.6292
626	76.5776
627	76.5732
628	76.5732
629	76.5628
630	76.5618
631	76.5617
632	75.7388
633	75.7388
634	75.7388
635	75.7388
636	75.7388
637	75.7103
638	75.7095
639	75.7094
640	75.4548
641	75.4319
642	75.2831
643	75.2831
644	75.2831
645	73.5597
646	73.5597
647	73.2281
648	73.2204
649	73.2204
650	73.2204
651	73.2203
652	73.1911
653	73.1362
654	73.1362
655	73.1358
656	71.6666
657	71.4322
658	71.4321
659	71.432
660	71.4279
661	104.277
662	103.542
663	103.542
664	103.541
665	103.434
666	103.419
667	103.419
668	100.421
669	100.421
670	100.402
671	100.402
672	100.402
673	100.402
674	94.538
675	94.4971
676	94.4965
677	94.4956
678	107.688
679	107.685
680	107.685
681	107.355
682	107.355
683	106.759
684	106.17
685	106.151
686	106.151
687	106.126
688	106.118
689	106.118
690	103.788
691	103.398
692	103.888
693	103.888
694	103.887
695	103.882
696	103.882
697	97.0624
698	97.0617
699	97.0617
700	97.0489
701	110.557
702	109.284
703	109.284
704	109.269
705	105.65
706	105.648
707	105.619
708	104.984
709	103.629
710	103.533
711	103.533
712	103.406
713	103.406
714	101.163
715	99.2277
716	99.2275
717	99.2255
718	99.2238
719	99.1844
720	112.537
721	112.537
722	111.461
723	111.294
724	111.273
725	110.857
726	110.461
727	109.084
728	109.426
729	109.409
730	109.301
731	108.388
732	108.326
733	108.309
734	108.306
735	108.304
736	108.304
737	104.667
738	104.667
739	104.667
740	104.649
741	104.192
742	104.192
743	104.192
744	104.192
745	104.192
746	104.192
747	104.191
748	104.191
749	104.191
750	113.891
751	113.729
752	113.729
753	113.729
754	112.396
755	112.312
756	112.296
757	112.296
758	113.384
759	112.291
760	112.291
761	111.406
762	111.401
763	112.266
764	112.248
765	112.237
766	112.056
767	112.173
768	111.435
769	111.216
770	111.216
771	111.206
772	111.206
773	111.206
774	111.205
775	111.205
776	111.175
777	111.165
778	110.083
779	110.08
780	110.08
781	110.08
782	109.526
783	108.877
784	108.848
785	108.827
786	108.765
787	108.765
788	107.831
789	107.831
790	107.751
791	106.501
792	106.501
793	106.365
794	106.365
795	106.356
796	106.356
797	106.356
798	106.353
799	106.353
800	106.353
801	106.347
802	106.347
803	106.336
804	106.336
805	106.336
806	106.335
807	106.308
808	106.25
809	106.038
810	106.025
811	106.024
812	106.024
813	106.024
814	105.289
815	105.281
816	105.273
817	105.272
818	105.272
819	105.263
820	105.257
821	105.152
822	105.121
823	105.119
824	105.119
825	104.954
826	104.902
827	104.891
828	104.891
829	104.866
830	104.739
831	104.435
832	104.433
833	104.421
834	104.406
835	104.955
836	104.955
837	104.954
838	104.962
839	104.841
840	104.841
841	106.807
842	106.527
843	113.085
844	112.889
845	112.889
846	113.154
847	112.041
848	112.033
849	112.032
850	111.527
851	111.527
852	111.527
853	111.894
854	118.016
855	117.653
856	117.65
857	117.65
858	114.665
859	114.665
860	114.384
861	114.384
862	114.384
863	114.384
864	113.941
865	113.939
866	113.937
867	113.725
868	113.718
869	113.957
870	113.953
871	113.953
872	113.952
873	113.855
874	112.819
875	112.17
876	112.17
877	112.166
878	112.061
879	112.061
880	112.061
881	112.061
882	112.061
883	112.06
884	112.057
885	111.863
886	111.845
887	111.845
888	111.845
889	111.326
890	111.315
891	111.315
892	111.31
893	108.574
894	108.574
895	108.566
896	108.565
897	108.508
898	108.501
899	108.493
900	108.134
901	117.956
902	117.956
903	113.68
904	116.575
905	114.323
906	114.017
907	138.194
908	138.193
909	138.687
910	138.376
911	139.836
912	137.224
913	135.887
914	130.663
915	130.663
916	130.606
917	130.606
918	130.606
919	130.606
920	130.604
921	130.378
922	129.911
923	129.907
924	129.408
925	129.384
926	129.371
927	129.36
928	129.282
929	129.141
930	129.134
931	129.131
932	128.462
933	128.374
934	128.292
935	128.238
936	126.086
937	126.03
938	124.902
939	124.9
940	124.892
941	124.891
942	124.564
943	124.563
944	124.562
945	124.372
946	124.285
947	124.216
948	124.216
949	124.216
950	136.904
951	136.904
952	136.904
953	136.904
954	136.903
955	131.272
956	131.237
957	130.585
958	130.867
959	130.952
960	130.837
961	130.833
962	130.833
963	130.832
964	130.822
965	130.712
966	128.757
967	128.753
968	128.73
969	128.664
970	128.664
971	128.628
972	128.409
973	128.402
974	128.382
975	128.382
976	128.381
977	128.381
978	128.381
979	128.379
980	128.379
981	128.371
982	128.371
983	128.371
984	127.266
985	127.266
986	126.856
987	126.856
988	126.843
989	126.843
990	126.842
991	125.398
992	148.492
993	148.337
994	148.17
995	147.428
996	141.845
997	141.845
998	140.728
999	140.727
1000	140.415
